#HiddenLayer
#Neuron
-0.672168
-0.272705
-1.403426
0.8587775
0.8157611
-0.5923369
0.3351602
-1.766323
0.5855865
0.3661794
-0.7435169
-1.047359
-1.103418
-0.8882859
0.2304891
-0.8951759
-2.212327
#Neuron
0.942472
0.964915
-1.928252
0.4495952
0.4314303
-0.02334476
-0.7256544
-0.7351754
0.9869924
-0.5912373
-0.06396258
-1.083637
-1.332111
-0.8728194
0.3196327
-0.7297077
-0.4176978
#Neuron
0.4689228
-0.3447326
0.1710933
-0.6029468
-0.5370288
0.6456637
-0.6147501
-0.3071796
-0.1760333
-0.5949037
0.4782817
-1.829316
-0.1275791
-0.7480714
-1.620053
0.3724379
-1.111644
#Neuron
0.9397446
-0.4974858
0.8065958
-0.5374315
0.1382779
-0.5987272
-1.38565
0.174518
-0.6183524
-0.5115724
-0.4328877
-0.9967618
-0.09932411
0.9899006
-1.705823
0.2138647
-0.1531137
#Neuron
0.1500818
0.1228136
-0.885788
-0.562772
-0.8521099
0.7731574
-0.1003276
0.1360935
-1.874561
0.5868609
-0.2762734
-1.857167
-0.9051155
-0.996788
0.3627386
0.8031199
0.8801992
#Neuron
0.1139157
-1.570369
-0.7656651
0.5316033
-0.6276793
0.6358776
0.9151466
0.09871876
-0.4567398
-1.835732
0.2904498
0.3044154
-0.7496772
-0.6556947
-0.9802444
0.9796634
-0.2674893
#Neuron
0.8825848
-0.8234527
-0.1618057
-1.316604
-0.280311
-0.4571425
-0.703604
-0.1322809
-0.6212134
-0.441985
0.5411572
0.9509208
0.02001774
0.9328885
0.137411
-0.4010711
-0.8233495
#Neuron
0.07999229
-2.668833
-2.430372
-0.5183554
-0.8290319
-0.7128279
0.09563148
-0.436258
-0.3980097
-0.3604761
-1.142353
0.3232712
0.8918624
-0.8671148
-1.256941
0.1157502
-0.5714321
#Neuron
-1.06036
-0.5680323
-0.9023902
-0.9536408
0.789855
0.001800179
0.4633875
0.2702658
-0.7178853
-1.702847
-0.9485672
-1.387934
-0.390838
-0.1705779
-0.289555
-0.5329247
-0.629276
#Neuron
0.2730033
-0.3070943
-0.9503008
-0.8849161
-0.7269077
-0.05272043
-0.7449038
-0.2375304
0.2284459
-0.09198225
0.3171079
0.5975683
0.6862333
0.7555196
0.9965339
0.8450954
-2.756716
#Neuron
-0.5674221
-0.5923288
0.3914549
-1.557344
-1.715649
-2.402762
-0.1186842
0.7145479
-1.496438
-1.7568
0.6321671
-0.2374462
0.2301356
-0.3385319
0.1028103
-1.603485
0.7398679
#Neuron
0.2472898
-0.1079869
0.05140054
-0.8806047
-0.1218253
-0.8031397
-0.5626521
0.4471359
0.3844781
-1.841333
-0.4085492
-0.8085024
0.4497988
-1.196734
-0.1836742
-2.731622
0.5241158
#OutputLayer
#Neuron
0.4832663
-0.2037357
0.07841003
-0.8398528
0.4237973
0.1486999
-0.1414262
0.9824841
0.7732387
-0.4342889
0.9710591
-0.953863
0.06141722
