#HiddenLayer
#Neuron
0.5621189
0.3908164
-1.638811
-0.2221671
-3.541481
0.08293927
0.1411351
0.6846097
-0.06906998
-1.262168
-1.697394
-0.2881805
-1.66922
-1.150164
-0.6997504
-0.3689674
-2.27144
#Neuron
0.1889626
0.7991393
-0.6824999
-0.4389707
-0.6078312
0.618814
-0.01006973
-0.01916468
0.9869924
0.871542
-0.8714529
-0.09768784
-1.463937
-0.9763529
0.0775584
-0.7912978
-0.7927258
#Neuron
0.4689228
-0.3435987
0.1356956
0.1236006
-0.7195046
0.06926405
-1.189206
-0.6241026
-1.171876
-0.4124864
0.1681701
-0.8293159
-0.8168547
0.5091555
0.7408075
0.6542556
-0.1116439
#Neuron
-0.7607784
0.1570057
-0.8181579
0.09352481
-1.089643
-0.2041892
-0.8219955
0.5559416
0.9473603
-0.7112331
0.4314182
-0.9967618
-0.09932411
0.3307447
-0.2361981
-1.156347
0.91435
#Neuron
0.2084101
-0.4447452
-0.885788
-0.6361377
-0.2141852
0.7731574
-0.1094695
-0.8217993
-0.267921
-0.5397964
-1.604946
-0.8750908
0.04641736
-0.996788
0.05975044
-0.4780507
-1.958274
#Neuron
0.1178374
0.4119281
-0.7656651
-0.0445751
-0.8724833
-0.1346251
-1.302755
0.2793626
-0.7020934
-0.1074263
-0.4337705
0.2875828
0.116465
-0.6556947
-0.7949979
-1.460825
0.01773107
#Neuron
0.440658
-1.804422
-0.435285
-1.316604
-0.619235
-0.7709515
-1.426151
-0.6737249
0.6513491
-0.441985
0.5411572
-0.3096431
0.2663626
0.3279833
0.5454545
0.6760015
-0.8233495
#Neuron
0.4250465
-1.668833
-0.9954383
-0.5183554
-0.492627
-0.7128279
-1.974275
-0.5537834
-0.3980097
-0.4959229
-1.142353
-1.116424
-1.108138
-1.261917
0.1503581
0.4420302
-1.96782
#Neuron
0.7914667
-0.4062058
-0.9023902
-0.8968673
-0.9741578
0.4117982
0.7537251
0.09062517
-0.681524
0.1757325
0.4558003
-0.1601278
-1.589322
-0.9874253
-1.208102
0.7436728
-0.629276
#Neuron
0.2730033
-0.2791191
-0.9503008
-0.8849161
-0.7269077
-0.09419549
-0.8778343
-0.2127433
0.4193973
-0.09198225
0.7618923
0.5975683
0.5349984
0.7555196
0.9965339
0.8617136
-2.756716
#Neuron
0.4325779
-0.4749404
0.3914549
0.6270244
-0.2945036
-2.402762
0.2641954
0.7145479
-0.936794
-0.7567999
0.6665399
0.9711125
-0.7560543
-0.8835375
-0.8261683
0.3485117
-0.06046128
#Neuron
0.2472898
0.07856834
-2.111693
-1.880605
-0.820087
-0.4106365
-0.06497931
0.7164803
-0.749192
-1.841333
0.602278
-0.2750649
0.03377068
-0.3468053
-0.1836742
-0.5179863
0.2685454
#OutputLayer
#Neuron
0.4832663
-0.2982157
0.02307808
-1.871353
-0.0563792
-0.2016683
-0.1414262
0.829916
0.7541442
-0.4342889
0.9710591
0.04613698
0.06141722
