#HiddenLayer
#Neuron
0.7013271
-0.06000602
-0.3203982
-0.4157926
-0.4023424
-0.5194244
0.9416089
0.6283522
-0.6025314
-0.1107899
-0.5378563
0.9785686
-0.3252128
0.9714026
0.6649191
0.2739811
0.4963455
#Neuron
0.6411229
-0.1084865
0.2428583
-0.1207694
0.8266916
-0.7628863
0.5669639
-0.1936766
0.7654982
0.6909325
0.5809226
-0.9933596
-0.3920683
0.4147153
-0.3533479
0.1758531
-0.3422924
#Neuron
0.9400573
-0.06431091
-0.9256873
-0.4877754
0.8449552
-0.7545156
0.123834
0.1128033
0.8524299
-0.5259905
0.464415
0.7294428
-0.01406729
-0.07311261
-0.1137604
-0.8607368
-0.554755
#Neuron
0.2462103
-0.000110507
-0.3155724
0.7854207
0.3341362
0.480484
-0.2884675
0.4089658
-0.5932853
-0.7319009
0.8673065
0.08191311
0.5988736
-0.3698088
0.7337444
0.04132545
-0.5251999
#Neuron
0.4421006
-0.6181962
-0.05320966
-0.562772
0.01204097
0.3137686
-0.2613045
-0.3997711
-0.1458684
-0.9006073
-0.6556442
0.8717673
-0.3524076
-0.8879335
-0.9088373
0.5601583
0.08482921
#Neuron
0.9142084
-0.5703692
0.4229219
0.8915389
0.9431732
0.5825453
-0.4891876
0.9094393
-0.812922
-0.4017471
-0.6798091
-0.1023437
-0.7496772
0.3768427
0.6141181
-0.3553115
-0.8801889
#Neuron
0.211187
0.7113407
-0.2030057
0.7590075
0.6676195
0.8828542
0.1297933
0.513674
0.7443914
-0.2714444
0.3209722
0.1067456
0.0817107
-0.8903334
-0.2952758
0.5082948
-0.2936765
#Neuron
0.374712
-0.5672765
0.06632006
-0.8501005
-0.8290319
0.008840442
0.2032696
0.3765294
0.186143
0.04960072
-0.3423091
-0.7354321
0.5456734
0.3305378
-0.2820801
0.9506431
0.2844088
#Neuron
0.6008
-0.5240896
-0.6825891
0.5783401
0.507756
0.4485182
-0.2369374
-0.7282813
0.9923935
0.3851835
0.7253528
-0.7318966
0.6114786
0.9250228
-0.04594219
0.8980339
0.8273237
#Neuron
0.8178517
-0.6556754
-0.1704448
-0.3219291
-0.5476196
0.2559917
0.8474619
0.3583307
-0.000757575
0.9096558
-0.5136707
0.9213238
-0.07626593
0.8468201
-0.9603512
0.9519324
0.3776033
#Neuron
0.8717669
0.003269315
0.2403408
-0.9411132
-1.655649
0.3134563
-0.7314153
0.6422474
-0.3008772
-0.900991
-0.6492336
0.1779591
-0.6002977
0.05982244
-0.9680288
0.3485117
-0.6678369
#Neuron
0.07999122
0.8920131
0.6315575
0.4290721
0.3229153
-0.3682781
-0.1517221
0.7820668
0.2444826
-0.5394177
-0.06009114
0.768281
0.7519555
0.3423893
-0.7726831
0.5300255
-0.07752669
#OutputLayer
#Neuron
0.8698505
0.1833032
-0.4278601
0.406774
-0.3449525
0.1486999
0.9695871
0.2974903
0.08283675
0.5469999
0.9392378
-0.2941564
-0.2164279
