#HiddenLayer
#Neuron
0.2272066
-0.4613608
0.05093205
-0.7454228
0.5733342
0.08293927
-0.6905665
-1.48821
0.8750536
0.08763158
-0.4825708
-0.008747101
-0.9814937
-0.08396471
-0.2757815
-0.3689674
0.2352792
#Neuron
0.3913752
-0.7874408
-0.4461447
-0.4389707
-0.7895718
-0.1026176
-0.01006973
-0.6529205
-0.5955007
0.871542
0.7297726
-0.6960881
-0.4756008
0.687798
0.7078238
0.1498724
0.4050016
#Neuron
0.5672767
0.7655497
-0.2908787
0.9018474
0.6913779
0.8094716
-0.6147501
0.1967298
-0.8871844
-0.8311195
-0.6234183
-1.541571
-0.8168547
-0.7480714
-0.7886693
-1.600698
-0.4705693
#Neuron
0.6234261
-0.8724446
-1.452026
-0.5374315
0.65029
-0.3310682
-1.7863
-1.808834
-0.8718684
0.1832229
0.06074488
-0.9967618
-0.09932411
0.9899006
0.07289231
-0.9089457
-0.4888722
#Neuron
-0.1659311
-0.9824209
-0.583791
0.2408193
0.3594229
0.5791888
-0.4216892
-0.9954255
-1.678294
-0.3401843
0.2068344
-0.8571665
-0.3687645
0.368911
-0.7549436
0.8563831
0.5619335
#Neuron
0.838591
-0.9696013
-0.7338231
-0.0445751
-0.2930957
-0.1346251
-0.354947
0.6340389
-0.4567398
-0.8357315
-0.6032062
0.2875828
0.3225279
0.5879242
-0.2063595
0.3551986
0.4631087
#Neuron
0.8687941
-0.01784551
-0.1782495
-0.5148678
-0.4102141
-0.6842697
-0.703604
-0.1322809
-0.775872
-1.037679
0.4331507
0.9509208
0.9657958
0.5974882
0.2473277
0.8961124
-1.880386
#Neuron
0.04286623
-1.567276
-0.1200343
-0.1316093
-0.492627
-0.7128279
0.5411098
-0.5537834
-0.947943
0.6785824
0.9846535
-0.487219
0.6801164
0.1343259
0.1503581
0.5531387
-0.5714321
#Neuron
0.2286304
0.9087844
0.6593025
-0.8968673
-1.852787
-0.06049216
-0.9032576
0.09062517
-0.3332636
0.5858397
-0.9485672
-0.8026876
-0.0977062
-0.9874253
-0.2757279
0.4670753
-0.179592
#Neuron
0.3871686
0.4918735
-0.386659
-1.765523
-0.5476196
-0.3948904
-0.8778343
-0.872354
-0.6576328
0.1811055
0.7618923
0.7325854
0.627944
0.7555196
0.6826525
0.8450954
-1.926903
#Neuron
0.4802793
-0.4749404
-0.4751195
0.6270244
-0.4605204
0.1780792
-1.179047
0.02044523
-2.155593
0.6197617
-0.3334601
0.9425106
-0.4051129
-0.3385319
-0.8261683
-0.6034849
0.961483
#Neuron
0.3604907
-0.5814438
-0.04511034
0.04441464
-0.1218253
-0.03302109
-0.1360537
0.3224714
0.1930772
0.8287206
-0.4085492
-0.3783041
0.03377068
0.7772851
-0.7379513
0.2995937
0.5241158
#OutputLayer
#Neuron
0.3094701
-1.298216
-0.2125098
-0.5176203
0.2841713
-0.2016683
-0.6812816
0.4135358
0.4568777
-0.9469438
0.7365437
-0.4092675
-0.5247645
