#HiddenLayer
#Neuron
0.442315
-0.008054852
-0.6928189
-0.6216066
0.007339597
0.3841412
-0.03159678
-0.67169
-0.06087816
-1.741206
0.8507357
0.3065159
#Neuron
0.9575493
-0.3515836
-0.7363892
-0.5194333
-0.5315001
-0.3596588
0.2288681
0.4095068
0.1387459
0.5218999
0.7005296
0.1455559
#Neuron
0.8273084
0.3663225
0.14651
-1.440709
0.5174849
-0.8712454
0.720248
-0.2564427
-0.9054596
0.2236241
-1.246911
-1.173679
#Neuron
0.9757619
-0.5723529
0.7588699
0.4213674
-0.4223009
0.131987
-0.6426201
-0.9213946
-1.84383
-0.5615828
-0.864192
-0.06138766
#Neuron
0.5830055
-0.9394596
-0.1830655
0.2188998
-0.1037732
0.08268797
-0.3188709
0.1588095
0.4222319
-0.1074699
0.3735063
0.3193481
#Neuron
0.7877042
-1.573372
0.9066925
-0.4123825
0.8729417
-1.30909
-0.6214621
-0.07249582
0.5184538
-0.0359906
0.7030993
-0.3651849
#Neuron
0.8468043
-0.4109596
-0.9568324
0.08659899
0.1296242
0.407228
-0.5828612
0.8675604
0.7621837
-0.01351726
-0.3671001
-0.2521781
#Neuron
0.07845104
-0.7124226
-0.7124937
-0.7407954
-0.1259719
0.3998375
0.1850315
-0.1297175
0.7274497
0.6862311
0.8627057
-1.120822
#OutputLayer
#Neuron
0.07273483
-0.3557605
-0.9243426
0.1571442
0.3068516
-0.02884018
0.7491205
0.8770559
0.9764364
