#HiddenLayer
#Neuron
0.5621189
0.3908164
-0.6347642
-0.135547
-0.5414815
-0.7275085
0.3351602
-1.121302
0.8750536
0.6813834
-1.697394
-1.047359
-1.66922
0.05790341
-0.6997504
0.2251869
0.2352792
#Neuron
0.3913752
-0.7874408
-0.9282515
-0.4389707
0.7122083
-0.8219559
-0.5456622
-0.602294
-0.1975442
0.871542
-0.5439591
-1.083637
0.7403028
-0.5842221
0.9729769
-1.629257
-0.974143
#Neuron
0.3909723
0.6269894
0.1356956
-1.602947
0.6913779
0.6456637
-1.189206
-1.502065
-1.887184
-0.5954185
-0.33292
-2.541571
-0.1275791
-0.9985338
-0.6200533
0.3724379
-0.1116439
#Neuron
0.2663222
-2.336021
-0.7542133
-1.306713
-0.5424476
-0.3310682
-0.8219955
-0.6794786
-0.8933356
-0.7319009
-0.541064
-0.7811776
-0.09932411
-2.31253
-1.465387
-0.04867089
0.06778228
#Neuron
-0.1659311
-0.1323804
-1.583791
-0.463425
-2.37267
0.1544746
-0.4351705
0.9636164
-0.5505724
-0.8165851
-0.629642
-0.1686574
0.4272775
-0.6661139
0.05933154
-0.4780507
0.8801992
#Neuron
0.1139157
0.1583959
-0.7656651
-0.8938578
-0.2930957
0.6358776
0.9151466
0.09871876
-0.1600283
-0.1074263
-0.2125827
0.3044154
-0.7496772
0.5879242
-0.9802444
-1.460825
-0.5379565
#Neuron
0.8825848
-1.804422
-1.435285
-1.316604
-0.280311
-0.9550726
0.1153542
-1.673725
-1.281376
-0.688767
0.04440129
-0.3096431
0.296942
-0.4618568
0.4167399
-0.4010711
-0.4632064
#Neuron
0.8101026
-2.567276
-0.1200343
-0.3375217
-0.6727598
-0.7128279
-0.2589811
-0.5537834
0.8461571
-0.3214176
-0.1423529
0.3232712
-0.1359675
-0.8671148
-1.256941
0.1157502
-1.75989
#Neuron
-0.2019876
0.4319677
-0.9023902
-0.8968673
-0.5717833
-0.9981998
0.5932894
-1.728281
-1.777322
-0.7429991
-0.5510676
-0.8026876
0.7010405
0.03701723
-0.289555
-0.7778378
-1.692696
#Neuron
0.3871686
-0.7844343
-0.7476563
-0.8849161
-0.7269077
-0.09419549
-0.2139465
-0.2375304
0.2284459
0.275608
0.360136
0.5975683
0.5349984
0.7555196
0.9965339
0.8450954
-2.756716
#Neuron
-0.5674221
-1.100825
-0.6367831
-0.3428857
-0.7156491
-2.402762
-2.179048
-0.5014803
-1.496438
-0.7567999
-0.3025686
-0.3145648
-1.405113
-0.8835375
-0.8261683
-0.6137896
-0.1407686
#Neuron
-0.5113208
-0.1079869
0.05140054
-1.50227
0.5401597
-0.5991237
-0.5626521
0.4471359
0.3844781
-0.8413332
-0.8609055
-0.6388502
0.03377068
-0.7991307
-0.7379513
-0.5179863
0.9008443
#OutputLayer
#Neuron
0.3474439
-0.2037357
0.07841003
-1.839853
0.1164089
0.1486999
-0.4593734
0.9824841
-0.5431223
-0.9469438
0.9710591
-1.615637
-0.03512394
