#HiddenLayer
#Neuron
0.2272066
-0.8335862
-0.6388106
-0.7454228
0.7909932
-1.917061
0.2956776
0.7111802
-0.949631
0.08763158
-0.390462
-0.2881805
-1.66922
-0.3297588
-0.9732802
0.2251869
0.2352792
#Neuron
0.1889626
0.964915
-1.928252
-0.4389707
0.4314303
0.9766552
-0.7256544
-0.602294
-0.5999036
-1.776217
-0.5439591
-1.083637
-1.463937
0.687798
-1.922442
-0.2689139
-0.974143
#Neuron
0.4689228
-0.3447326
-0.1639642
-1.899208
-0.7195046
0.06926405
-0.6147501
0.01983106
-0.8871844
-0.8311195
0.006883264
-1.541571
-0.8168547
0.001466155
-0.7364399
-0.600698
-0.1116439
#Neuron
-0.2646019
-2.336021
-0.7542133
-1.306713
0.65029
-1.08978
-0.563606
-0.2822394
-0.6183524
-0.5115724
-0.4328877
-0.9967618
-0.09932411
-0.01009941
-0.2361981
-0.5544655
-0.1531137
#Neuron
-0.3677647
-0.1323804
-0.4794158
-3.80136
0.3594229
0.4728875
-0.4351705
-0.26674
-0.3737217
-1.816585
-0.03916299
-0.8571665
-2.340344
-0.996788
0.3627386
0.6520519
0.7471523
#Neuron
0.1139157
0.03039873
0.1778482
-0.0445751
0.6434133
-0.3363441
0.9151466
0.6340389
0.4559002
-0.8357315
-0.5346618
-0.1586431
-1.749677
-0.5913336
-0.7949979
0.3178138
-0.2175852
#Neuron
0.6795925
-1.804422
-0.435285
-1.316604
-0.9393876
-0.3895036
-0.1701466
0.4037518
0.2010869
0.5661175
0.04440129
-0.3096431
0.2663626
0.7240052
0.7815337
0.6760015
-0.8233495
#Neuron
0.07999229
-0.2389814
-0.1200343
-0.3375217
0.2300063
-1.712828
0.02572453
-1.963025
0.5370643
0.3933372
-0.1423529
-0.1164244
0.8640325
-0.3455564
-1.256941
0.4420302
-0.6809857
#Neuron
0.9396396
0.9087844
-0.9023902
-2.794476
-0.8527873
0.09718716
0.5932894
-1.728281
-0.5530581
0.1757325
-0.9485672
0.6591935
-0.0977062
0.03701723
0.4998336
0.7436728
-1.193566
#Neuron
0.3549611
-0.5419474
-0.386659
-0.8849161
-0.4979414
-0.4680549
-0.7449038
-0.2375304
0.4193973
0.3367555
0.3171079
0.5975683
0.627944
0.7555196
0.9965339
0.8617136
-2.926903
#Neuron
0.835126
-0.4749404
-0.8046753
0.6270244
-0.9457532
-2.402762
-2.179048
-0.08179224
-0.773942
-1.819158
0.6665399
-0.2374462
0.6329603
0.3533768
0.1121942
-0.2599084
-0.1407686
#Neuron
0.2472898
-1.382107
-0.4495341
-1.50227
-1.121825
-0.4106365
-0.5626521
0.7164803
-1.749192
-0.8413332
-0.5694132
-0.3783041
0.789495
0.7772851
-0.1836742
0.9944327
-1.298792
#OutputLayer
#Neuron
0.3474439
-0.2037357
0.02307808
-0.761306
-0.2386131
0.08050048
-0.1414262
0.646343
-1.506613
-0.3367068
0.9710591
-0.1677784
0.2321235
