#HiddenLayer
#Neuron
-0.4378811
-0.272705
-1.403426
-0.1154243
0.8157611
0.7509787
0.04267824
-0.343006
-0.6025314
0.3661794
-0.6973944
-0.2881805
0.3164808
-1.942097
-2.792265
0.2251869
-0.2714394
#Neuron
0.3913752
0.0255543
-0.3650283
-0.1618301
0.7122083
0.618814
-1.545662
0.08678567
-0.2949558
0.871542
-0.06396258
-0.348622
-1.332111
-0.5842221
-1.360703
-0.7912978
-0.7927258
#Neuron
-0.4327233
-0.3447326
0.7097037
0.1236006
0.5018525
-1.930736
-0.6147501
-0.3071796
-1.176033
-0.5954185
-1.575776
-3.829316
-0.1275791
0.001466155
-0.7886693
0.6542556
-0.5534971
#Neuron
0.9397446
-0.4974858
-0.8181579
-0.5374315
0.1382779
-0.08978021
-1.563606
0.174518
-0.8933356
-0.7319009
-0.4328877
-1.996762
-0.09932411
-0.3125296
-2.705823
-0.1351882
0.91435
#Neuron
0.9122123
0.3236167
-0.02805877
0.7668538
-2.37267
0.1544746
-1.100328
0.6951232
-0.267921
-1.619618
-0.2762734
-0.8571665
0.4272775
-0.9687805
-0.9406685
0.8031199
-1.958274
#Neuron
0.7718492
0.5788219
-0.2512671
-0.0445751
-0.6276793
-0.3363441
-2.302755
-0.4093324
-0.5440998
-0.1074263
-0.5346618
0.3044154
-0.6488678
-1.188316
-0.7949979
-1.460825
-0.2674893
#Neuron
-0.3204075
-1.804422
-0.435285
-0.3018311
-1.280311
-1.68427
-0.1701466
-0.6737249
0.6513491
0.03965819
-0.08972156
-0.3096431
-0.9799823
-0.2759948
0.4167399
-0.398994
-0.8233495
#Neuron
0.7771412
-0.6688333
0.5061493
-0.5183554
-0.6727598
-0.7128279
0.1300439
-0.5537834
-0.3980097
-0.3293393
-0.1423529
-0.487219
-0.1081376
-1.345556
-1.256941
-0.616477
0.2503149
#Neuron
0.7914667
-0.8736262
-0.08865559
0.9939566
0.2442123
0.09718716
-0.9032576
0.2702658
-0.3332636
0.5858397
0.4558003
-0.8026876
0.632422
-1.987425
-0.522341
0.4670753
-0.4592122
#Neuron
0.2730033
-0.7844343
-0.7476563
-0.8849161
-0.4979414
-0.2045373
-0.2787353
-0.2375304
0.2284459
0.1811055
0.3171079
0.5975683
0.5349984
0.7555196
0.9965339
0.8450954
-3.926903
#Neuron
0.344097
-1.100825
-0.6367831
-0.3428857
-1.207507
-2.402762
0.7856362
-0.08179224
-0.773942
0.6197617
-0.3025686
-0.2374462
0.2301356
-0.3385319
0.1028103
-0.6137896
-0.1407686
#Neuron
-0.7527102
-0.5814438
0.05140054
-1.50227
-2.854319
-0.1729659
-0.5827601
0.3095092
-0.749192
-0.8413332
0.3351297
-0.4864409
0.03377068
-0.7991307
-0.7379513
-1.731622
-1.298792
#OutputLayer
#Neuron
0.3474439
-0.1553563
-0.2125098
-0.3832453
-0.3715085
0.1486999
-0.4593734
0.829916
0.9317143
-0.4342889
0.9710591
-1.486419
0.06141722
