#HiddenLayer
#Neuron
0.8705382
-1.492116
0.9934597
-1.222167
-0.5414815
-0.5923369
0.04267824
-0.6431069
-1.722724
0.3661794
-0.7435169
-0.2881805
-1.66922
0.9539568
0.2304891
-0.1129308
0.272644
#Neuron
0.1889626
-0.7874408
-0.3650283
0.4495952
-0.9330318
-0.1026176
-0.7256544
0.08678567
-0.1731333
-1.776217
0.7896378
-0.8997432
-1.332111
0.687798
-1.922442
-0.7912978
-0.7927258
#Neuron
0.4689228
0.8224895
0.7097037
0.1236006
-0.5370288
0.06926405
-0.6147501
0.01983106
-1.887184
-0.5954185
-0.33292
0.8021386
-0.1275791
0.001466155
0.1290625
-1.963001
-2.607854
#Neuron
0.7439417
-0.8429943
-0.5635254
-1.306713
0.1382779
-0.5987272
-0.563606
0.174518
-0.05263972
0.7702444
-0.4328877
-0.9967618
-1.099324
-0.01009941
-1.705823
-0.04867089
-0.5454302
#Neuron
0.9122123
0.1228136
-0.4794158
-0.6361377
-0.6024213
0.1544746
-0.1094695
0.6951232
-0.2290422
-1.619618
-0.2762734
-0.8571665
0.6302083
-1.996788
-0.6372614
0.9872169
-1.96175
#Neuron
-0.3424244
0.5788219
-0.8221518
0.5028965
0.01819837
-0.921979
-0.08485341
-0.4093324
-0.1600283
-0.1074263
-0.4337705
-0.1586431
-0.7496772
-0.4120758
0.6465287
-0.470544
0.4631087
#Neuron
0.211187
-0.8044224
-1.435285
-0.2314733
-0.280311
-0.9550726
-0.4261512
-0.01922691
-0.6172516
-0.441985
0.04440129
0.3449936
0.1990188
-0.2759948
0.137411
-0.3239985
-0.8233495
#Neuron
0.07999229
-2.668833
-2.430372
-0.3467308
-0.6727598
-0.7128279
-0.9742755
-0.9630251
-0.947943
-0.3293393
-0.1817802
-0.6203885
0.8799245
0.6954424
-2.256941
-1.88425
-0.1539632
#Neuron
0.7914667
-0.8736262
-1.999128
-0.9536408
0.7501218
0.09718716
-0.9032576
-0.9093748
-0.3332636
0.1757325
-0.4261314
-1.802688
-0.0977062
-1.987425
0.4998336
-0.7778378
-0.6926961
#Neuron
0.2730033
-0.5419474
-0.7476563
-0.8849161
-0.7269077
-0.09419549
-0.2139465
-0.1466342
0.3348024
0.1811055
0.3171079
0.5975683
0.5349984
0.7555196
0.6801431
0.8450954
-4.756716
#Neuron
0.8655843
-1.100825
-1.20756
-0.9145827
-2.207508
-0.8958325
-0.1186842
-0.08179224
-0.773942
0.8366938
-0.7780359
0.9711125
-0.3296288
-1.9497
-0.9678288
0.7400916
0.7777152
#Neuron
-0.7527102
0.07856834
0.05140054
-1.50227
-2.854319
-0.5991237
-0.5626521
-3.156539
-1.749192
0.0816716
0.1390945
-1.026344
0.4497988
-1.277179
-1.737951
-1.731622
0.0592283
#OutputLayer
#Neuron
0.3474439
-0.1553563
-0.2125098
-0.3832453
-1.779462
0.08050048
-0.4593734
0.5816593
0.7732387
-0.4342889
0.9710591
-1.167778
-1.524765
