#HiddenLayer
#Neuron
0.2272066
-1.272705
0.4499817
-1.222167
-2.669496
-0.5923369
-0.8588649
-0.343006
-0.06906998
-0.3186166
-1.697394
-0.2881805
-1.66922
0.05790341
0.2304891
-0.8951759
-0.2123274
#Neuron
0.3913752
0.04891074
-0.9282515
-0.1618301
0.7122083
0.9766552
-0.7256544
-0.602294
-0.1731333
-1.776217
-0.8792061
-1.498862
-0.3321115
0.687798
-0.6803672
-0.7297077
-0.4176978
#Neuron
-0.4327233
-0.3447326
0.1710933
-1.602947
-0.5370288
-1.776937
-0.6147501
0.01983106
-1.171876
-0.4124864
-0.0889107
-1.541571
0.06221688
-2.178827
0.1290625
-1.963001
-0.5534971
#Neuron
0.2052178
0.1570057
-0.5635254
-0.5374315
-2.089643
-0.5987272
-1.563606
-0.6794786
-0.05263972
-0.7095902
-0.4328877
-0.9967618
-1.099324
0.3307447
-0.2361981
-0.5544655
-0.7896338
#Neuron
-0.1659311
0.1805001
-0.5673585
-1.562772
-0.6024213
-0.8455254
-0.4898535
0.1360935
-0.2290422
0.5868609
-0.629642
-0.8571665
-3.340344
-0.996788
0.3627386
0.8031199
-0.9582744
#Neuron
0.838591
0.1583959
0.1778482
-2.893858
-0.5213547
-0.921979
-1.302755
0.09882271
-1.160028
0.3648851
-1.200098
0.5449927
-0.7496772
-0.4120758
0.426651
0.3551986
0.4631087
#Neuron
0.440658
-0.8044224
-0.435285
-1.316604
-0.990478
-0.9550726
-1.209882
-1.132281
0.6513491
0.8093581
-0.08972156
-1.217729
0.1990188
0.4951346
0.137411
0.6760015
-0.8233495
#Neuron
0.7771412
-2.668833
-0.1200343
-0.3467308
-0.6727598
-1.712828
0.1300439
-0.5537834
0.4875104
-0.3604761
-0.251891
-0.487219
-0.1081376
0.6494911
0.8914011
0.1157502
-0.6809857
#Neuron
0.7980124
0.4670675
-0.08865559
0.4660604
0.2442123
0.09718716
0.5932894
0.9933078
-0.7178853
-0.7429991
-0.4261314
-0.8026876
-0.0977062
0.03701723
-0.5001664
-0.7778378
-0.179592
#Neuron
0.06017089
-0.744065
-0.8752398
-0.8849161
-0.4979414
-0.09419549
-0.7449038
-0.2375304
0.2284459
0.4619538
0.3171079
0.5975683
0.5349984
0.7555196
0.6801431
0.8450954
-3.756716
#Neuron
0.4325779
-1.592329
-0.2075604
-0.9145827
-2.207508
-3.402762
-3.179048
0.02044523
-1.496438
-1.7568
-1.778036
-1.603866
-1.405113
-1.9497
0.1121942
0.3485117
-0.1407686
#Neuron
0.2472898
-0.5814438
-0.9485995
-0.187986
-0.1218253
-0.8031397
-0.5626521
-3.156539
-0.749192
0.8287206
-0.4085492
-0.6388502
0.4497988
-2.799131
-0.0002442598
-1.731622
0.5241158
#OutputLayer
#Neuron
0.3474439
-0.1553563
-0.2125098
-1.383245
-0.2736621
0.08050048
-0.4593734
-0.02832079
0.7732387
-0.4342889
0.9710591
-1.167778
0.06141722
