#HiddenLayer
#Neuron
-0.4378811
-1.272705
-0.5500183
-0.9634683
-0.5414815
-0.8986757
-1.858865
-0.6431069
-1.722724
-0.2621676
-0.390462
-0.2881805
0.8318741
0.05790341
0.2304891
-0.1129308
-0.2123274
#Neuron
-0.4240031
0.04891074
-1.482927
-2.398271
-1.933032
0.9766552
-1.508897
-0.8153013
-0.1731333
-1.776217
-0.5439591
-0.09768784
-2.332111
-0.9763529
-2.360703
-0.7912978
-0.7927258
#Neuron
-0.4327233
-0.3822042
0.7097037
-0.6029468
-1.27294
-0.9307359
-0.6147501
-2.307179
-1.887184
-0.4124864
-1.861881
-0.8293159
-0.8168547
0.4552796
0.7408075
-0.600698
-0.1116439
#Neuron
0.9397446
-0.1303457
-0.8181579
-2.95541
0.1382779
-0.7518939
-0.563606
0.174518
-0.6183524
-2.731901
-0.4328877
-0.9967618
-2.405186
-1.31253
-0.4653872
-0.5544655
-0.7896338
#Neuron
-1.165931
0.1228136
-1.479416
-0.3630246
-0.6024213
-0.8455254
-1.100328
-0.03638363
-0.3737217
0.5868609
-1.409505
-1.168657
0.6302083
-0.996788
0.3627386
-0.01278305
-1.060784
#Neuron
0.1139157
-0.4567463
-1.824082
-0.0445751
0.01819837
-0.3363441
-0.1094278
0.09882271
-1.160028
0.3648851
-1.433771
-0.1586431
-1.749677
-0.6556947
-0.9802444
-1.262211
-0.5368912
#Neuron
-0.559342
-0.8234527
-0.435285
-1.316604
-0.990478
-0.6842697
-1.209882
-0.1322809
-1.348651
-0.1906419
-1.089722
-1.217729
-0.8009812
-0.2759948
0.5454545
0.5327463
-1.880386
#Neuron
0.7771412
-1.668833
-2.430372
-0.5183554
-1.67276
-2.712828
-1.974275
-1.773441
-0.3980097
-0.3293393
-1.18178
-0.487219
-0.1081376
-1.261917
-1.256941
-1.252843
-0.6809857
#Neuron
0.7980124
-0.5329325
-0.08865559
-2.794476
-1.852787
0.1541485
0.5932894
-0.4176214
-0.7178853
0.1757325
0.4558003
-0.8026876
-0.0977062
-1.902582
0.477659
0.8251429
-0.6131713
#Neuron
0.2730033
-0.5419474
-0.8752398
-0.8849161
-0.7269077
-0.2332383
-0.2139465
-0.2375304
0.2284459
0.275608
0.3171079
0.5975683
0.5349984
0.7555196
0.6801431
0.8450954
-5.756716
#Neuron
0.4325779
-0.5898926
-1.20756
0.6270244
-2.207508
-3.402762
0.05577242
-0.676702
-0.773942
0.6197617
-0.7780359
-2.603866
-0.3296288
0.6221521
-0.9678288
0.7400916
0.961483
#Neuron
-0.3399304
-0.1079869
0.3541314
-1.187986
-1.121825
-0.1729659
-0.06497931
0.1061765
-0.749192
-1.841333
-0.4085492
-2.647545
-0.05957878
-0.7991307
-0.0002442598
-0.5179863
0.5241158
#OutputLayer
#Neuron
0.3474439
-0.1553563
-0.2125098
-1.383245
0.7263379
-0.2016683
0.2609398
0.9824841
0.4568777
-0.4342889
0.9392378
-0.953863
-0.5247645
