#HiddenLayer
#Neuron
0.5621189
-1.492116
0.4499817
0.9834926
0.8157611
0.9251828
0.5604844
-0.1213025
-0.6025314
0.3661794
-0.390462
-1.28818
-1.66922
0.05790341
-1.927967
-1.895176
0.2352792
#Neuron
-0.4240031
-1.787441
-0.3650283
0.4495952
-1.933032
-1.102618
-1.508897
-0.8153013
-0.2949558
-0.5912373
-0.06396258
-0.09768784
-0.2596972
0.687798
-2.360703
-0.7297077
-0.7927258
#Neuron
-0.4327233
-0.3822042
0.1710933
-1.899208
-0.5370288
-1.776937
-0.6147501
-0.4974548
-0.8871844
-0.5949037
-1.33292
-0.8293159
-0.8168547
0.001466155
-2.788669
-0.600698
-1.111644
#Neuron
0.9397446
-1.130346
-0.7542133
-0.5374315
-1.089643
-1.08978
-0.563606
-0.6794786
0.5106585
-0.7095902
-0.4328877
-0.9967618
-1.099324
0.3307447
-0.4653872
-1.135188
0.91435
#Neuron
0.1515386
0.1228136
-1.479416
-0.6361377
-0.6024213
0.8642311
-1.489854
-0.03638363
-0.5505724
0.5868609
-1.039163
-3.857167
-2.340344
-0.996788
-0.1187929
0.8031199
-1.958274
#Neuron
0.2367435
0.5788219
-0.7656651
-0.0445751
0.01819837
-1.921979
-1.302755
-0.9012812
-0.7224593
-0.1074263
-1.200098
0.5449927
-0.7276711
-1.892349
-0.7949979
-2.460825
0.4631087
#Neuron
0.440658
-1.804422
-0.435285
-1.316604
-0.990478
-0.9550726
-0.4261512
-0.1322809
0.6513491
0.8093581
-0.08972156
-1.217729
0.2663626
-0.2759948
0.5454545
-0.4010711
-0.8233495
#Neuron
0.5258201
-0.6688333
-0.4938507
-0.5183554
-0.6727598
-1.712828
-0.9742755
-0.436258
0.8461571
-0.3214176
-0.251891
-0.6203885
0.8918624
0.6954424
0.8914011
-0.2528427
-1.96782
#Neuron
0.7980124
-1.873626
-1.088656
0.9939566
0.7501218
0.4117982
-0.4067106
-1.417621
-1.717885
0.1757325
-1.551068
-0.6799941
0.7010405
-1.902582
0.477659
-0.7778378
-0.09491408
#Neuron
0.2730033
-0.5419474
-0.8669457
-0.8849161
-0.7269077
-0.2332383
-0.2139465
-0.2375304
0.2284459
0.1811055
0.3171079
0.5975683
0.5349984
0.7555196
0.6801431
0.8450954
-5.756716
#Neuron
-0.1344157
-0.5898926
-0.8046753
0.6270244
-2.207508
-1.728135
0.05577242
-0.08179224
-0.773942
-0.1633062
-0.7780359
-0.4732198
-1.769864
0.6221521
-0.569104
-0.2599084
-0.1407686
#Neuron
0.2472898
-0.5814438
-2.111693
-1.187986
-0.1218253
-1.599124
-0.5827601
0.7164803
-0.749192
-0.4433696
-1.510454
-0.6475449
-1.059579
-1.799131
-0.2267519
-1.929478
0.0592283
#OutputLayer
#Neuron
0.3474439
-0.1553563
-0.2125098
-0.3832453
-0.3715085
-0.1352378
-1.459373
0.4135358
-1.339533
0.0657171
0.9710591
-0.953863
0.06141722
