#HiddenLayer
#Neuron
0.327832
-0.4613608
0.787164
-0.9634683
0.7653072
0.08293927
0.2956776
0.6846097
0.5855865
0.08763158
-0.4825708
0.1665057
0.3164808
-1.083965
0.2304891
-0.3689674
0.2352792
#Neuron
0.1920867
-0.9857478
-0.4829274
-1.769426
-0.4488057
-0.4681472
-0.4649693
-1.960835
-0.1731333
-0.5912373
-0.06396258
-0.6950526
0.7841496
-0.9763529
0.9729769
-0.7297077
-0.7927258
#Neuron
0.4689228
0.5950081
0.1356956
-1.256692
-0.5370288
0.8094716
-0.6147501
0.1967298
0.4154544
-0.5949037
-0.5757763
-1.829316
-0.05711091
-0.06756938
0.1290625
-0.600698
-1.607854
#Neuron
0.2663222
-2.336021
-0.7542133
0.2980489
-0.6861641
-0.5987272
-1.7863
-0.3740655
-0.8442221
-0.5115724
0.9982333
-0.5197434
-1.099324
0.3307447
-0.8923869
0.6913285
-0.7896338
#Neuron
0.6322353
-0.3547994
-0.885788
-1.764583
-0.6024213
0.5791888
-0.1094695
-0.03638363
0.6104538
-1.816585
0.8250895
-0.1686574
-2.340344
-1.996788
0.05933154
0.8031199
-0.6930397
#Neuron
0.838591
0.7754526
0.2661769
0.9358752
-0.6276793
0.5141549
0.3586845
0.6340389
-0.7020934
-1.107426
-0.4337705
0.5449927
-0.7496772
0.5879242
-0.7949979
-0.2487434
-0.1312169
#Neuron
-0.3668443
-0.76972
-0.2288681
-0.3018311
-1.410214
-1.389504
-0.4261512
0.4037518
-0.2813765
0.4569122
0.5411572
0.4848745
0.02001774
0.7240052
0.8228929
-0.4010711
-0.8233495
#Neuron
-0.7559369
-1.668833
0.05609071
-0.3375217
0.2332028
-0.7128279
-0.9742755
-1.54308
-0.947943
-0.4959229
-0.1423529
0.3232712
0.2952676
0.1343259
0.8914011
0.3564839
-0.1539632
#Neuron
0.6077945
-0.6366558
-0.08865559
0.9939566
0.2442123
0.09718716
0.5932894
-0.7285609
-0.6929996
0.1757325
-0.4261314
-1.387934
0.632422
-0.9874253
-0.9359303
0.4670753
0.6239994
#Neuron
0.06017089
-0.2791191
-0.386659
-0.8849161
-0.4979414
-0.2332383
-0.3898395
-0.872354
0.5607271
-0.09198225
0.7136862
0.3803732
0.9058011
-0.1955222
0.9965339
0.317363
-2.926903
#Neuron
0.344097
0.5312886
0.6281953
0.6270244
-1.207507
-2.402762
-1.155736
-0.08179224
-0.936794
-0.8191576
0.750617
-0.2374462
0.6329603
-1.9497
0.8369944
0.7400916
0.961483
#Neuron
0.3604907
0.007175088
-0.5367041
0.04441464
-0.1218253
-0.4106365
-0.5827601
0.7164803
0.7594562
-0.150236
-0.5694132
-0.4864409
-0.06152284
0.4276912
-0.7379513
-0.0991627
-0.4758842
#OutputLayer
#Neuron
0.3474439
-0.2982157
-1.394745
-0.761306
-0.0563792
0.08050048
-0.4593734
0.5816593
0.8952889
0.9162636
0.9392378
-0.6156371
0.355771
