#HiddenLayer
#Neuron
0.8705382
-0.272705
-0.6347642
0.06060421
-0.5414815
-0.07481718
0.3351602
0.6846097
-0.4144135
-0.2621676
-0.7435169
-0.5299425
-1.66922
0.05790341
-1.101112
0.2251869
-0.7647208
#Neuron
0.942472
0.0255543
-0.3650283
-1.474092
0.7122083
-0.02334476
-0.7256544
-0.602294
-0.1975442
-0.5912373
-0.8792061
-0.09768784
-0.2596972
0.1450354
-1.360703
-0.7912978
-0.7927258
#Neuron
-1.432723
-0.3447326
0.1710933
-0.6029468
-0.2729397
0.06926405
-1.61475
-0.3071796
-1.171876
0.006580472
-0.6234183
-1.541571
0.06221688
0.5091555
0.2137333
0.6542556
-1.607854
#Neuron
0.9397446
-0.4974858
-0.5635254
-0.01040661
-0.6861641
-1.035929
-0.563606
-1.808834
0.5106585
-1.511572
0.3835978
-1.996762
-0.09932411
-0.3125296
-0.4653872
-1.156347
0.4545698
#Neuron
-0.1659311
-0.3547994
-0.5673585
-1.200918
-0.6024213
0.7731574
-2.100327
-0.26674
-1.678294
0.5868609
-0.629642
-1.857167
0.6302083
-0.996788
-0.1187929
0.8031199
0.7283113
#Neuron
-0.3424244
0.7754526
-1.682726
0.5028965
-0.2930957
-0.921979
-1.302755
-0.4093324
-0.7020934
-1.835732
-0.4337705
0.5449927
0.6268787
-1.188316
0.426651
-0.2622112
-0.5368912
#Neuron
0.440658
-0.8044224
-0.1782495
-1.316604
-0.990478
-1.389504
-0.4261512
-0.6737249
-0.5077512
0.8093581
-1.089722
0.3449936
-1.045638
0.9328885
0.137411
-0.4010711
-0.4632064
#Neuron
0.3667992
-0.6688333
-0.1200343
-0.3467308
-0.6727598
-1.712828
-0.9622846
-0.436258
0.8461571
-0.3604761
-0.251891
-0.487219
0.8918624
0.6954424
-1.256941
-0.2223648
-0.6809857
#Neuron
0.7980124
-0.8736262
-0.9991283
-0.8688486
-0.8527873
0.09718716
-0.6973038
-0.4176214
-0.9923611
-0.7429991
-0.4261314
-0.8026876
-0.2989595
-0.9971168
0.4998336
-0.7472992
-1.692696
#Neuron
0.2730033
-0.5419474
-0.8669457
-0.8849161
-0.7269077
-0.05272043
-0.2139465
-0.2375304
0.2284459
0.275608
0.3171079
0.3803732
0.5349984
0.5877907
0.9965339
0.8450954
-3.926903
#Neuron
-0.9538498
-0.5923288
-0.2075604
-0.06272113
-2.207508
-2.402762
-0.1186842
-0.08179224
-1.496438
-1.7568
-0.7780359
-0.2374462
0.2439457
-0.8835375
0.1121942
-0.6137896
-0.1407686
#Neuron
0.6600696
-0.1079869
-0.9485995
-1.50227
-1.854319
-1.739815
0.7474446
0.4471359
-0.749192
-1.841333
-0.2916344
-1.026344
0.03377068
-1.277179
-0.1836742
-1.517986
0.5241158
#OutputLayer
#Neuron
0.3474439
-0.1553563
0.07841003
-0.8398528
-0.3715085
-0.2016683
-1.459373
-1.028321
-0.04929733
-0.4342889
0.9710591
-0.953863
0.06141722
