#HiddenLayer
#Neuron
0.5621189
0.3908164
0.787164
0.9834926
-0.5414815
0.7509787
-0.6648397
-1.48821
-0.06906998
0.5809541
-1.697394
-0.9580417
-1.66922
0.9539568
-0.9732802
-1.368967
0.2352792
#Neuron
-0.8555335
-0.03508496
-0.3650283
0.01840389
0.7122083
0.8007405
0.1700803
-0.7351754
-0.1731333
0.871542
0.1207939
-0.09768784
-0.7181501
0.687798
0.0775584
0.1498724
0.447278
#Neuron
0.4689228
0.651628
-0.5692506
-0.6029468
-1.537029
0.06926405
-1.189206
0.5243895
-1.017736
-0.15262
0.1409844
-1.829316
-0.8168547
0.5091555
0.1290625
0.2708661
-0.1116439
#Neuron
0.2392216
0.1570057
-0.1934042
-1.306713
-1.089643
-0.08978021
-0.563606
-2.321548
0.9473603
0.1832229
0.4314182
0.5755696
-0.09932411
-0.3125296
-0.4653872
-1.156347
-0.1531137
#Neuron
0.2084101
-1.969082
-0.4794158
-0.3630246
-0.2141852
0.8642311
-0.1094695
-0.8217993
-0.267921
-0.5397964
-1.604946
0.5836556
-1.340345
-0.996788
0.05975044
-0.1436169
0.9392157
#Neuron
0.7718492
0.03039873
-0.7656651
0.5028965
-0.6276793
-1.336344
-1.302755
-0.9011773
-0.8444825
-1.107426
-0.4337705
-0.1586431
-1.727671
-0.04067862
-0.7949979
0.6499681
0.01773107
#Neuron
0.440658
-1.804422
-0.6396432
-1.316604
-0.3843585
-0.7709515
-0.7518537
-0.6737249
0.008438706
0.5661175
0.4331507
0.3449936
0.2663626
0.3048694
0.4167399
0.6760015
-0.8233495
#Neuron
0.8101026
-0.6688333
0.06632006
-0.5183554
-0.7699937
-1.888305
-0.9742755
-1.963025
0.4875104
0.6785824
-0.1304494
-0.3101563
0.2952676
-0.3455564
0.1258761
0.2800541
-1.96782
#Neuron
0.7980124
0.4670675
-0.9023902
-0.8968673
0.2442123
0.4117982
-0.6973038
0.9933078
-0.5530581
0.1757325
0.4558003
-0.2954565
-1.589322
-1.987425
-1.208102
0.9469249
-1.813366
#Neuron
0.06017089
-0.9075646
-0.386659
-0.3924092
-0.7269077
-0.2332383
-0.7449038
-0.2375304
0.4193973
0.1557759
0.3171079
0.5975683
0.627944
-0.2444804
0.6801431
0.8450954
-2.577623
#Neuron
0.4325779
-0.8734946
-1.934426
-0.5573442
-0.905962
-2.402762
0.2641954
-0.01611912
-0.773942
-0.8191576
-1.539277
-0.2374462
-1.329629
-1.9497
0.1028103
0.7400916
-1.67121
#Neuron
0.6600696
0.9469669
-2.111693
-0.5022697
-0.820087
-0.8031397
-1.064979
0.1061765
-0.749192
0.8287206
0.602278
-0.2750649
0.03377068
-0.3468053
-0.1836742
0.4640913
0.2685454
#OutputLayer
#Neuron
0.4832663
-0.2037357
0.02307808
-0.3832453
0.9293413
0.08050048
-1.141426
0.9716792
0.7541442
-0.9469438
0.9392378
0.04613698
-0.5247645
