#HiddenLayer
#Neuron
0.92441
-0.272705
-0.9894527
0.06060421
0.8157611
0.9251828
0.2956776
-0.6431069
-0.06906998
0.3661794
-0.6973944
-1.28818
-1.66922
0.05790341
0.2304891
-0.8951759
-0.2123274
#Neuron
0.3913752
0.04891074
-0.9282515
-0.1618301
0.7122083
-0.8219559
-0.7256544
-0.8153013
-0.1731333
0.871542
-0.8792061
-1.083637
-2.332111
0.687798
-0.5322859
-0.8501276
-0.4176978
#Neuron
-0.4327233
-1.169501
0.1356956
-1.602947
-0.2729397
-0.6399798
-0.6147501
-0.4974548
-2.017736
-0.5949037
-0.9555148
0.8021386
-0.1275791
-0.8672209
0.1290625
-1.963001
-0.5534971
#Neuron
0.7439417
-0.1303457
-0.5635254
-1.306713
-0.6861641
-1.08978
-0.563606
-0.3740655
0.5106585
0.4734423
-0.4231925
-1.996762
-1.405186
0.3307447
-0.4653872
-1.135188
-0.1531137
#Neuron
0.1515386
0.7283182
-0.5673585
-0.6361377
-1.214185
0.1544746
-0.4216892
0.6951232
-0.2290422
-0.4272364
-0.4095048
-0.8571665
-0.3697917
-0.9687805
-0.1187929
0.8563831
0.7283113
#Neuron
0.2367435
-0.01903617
-1.824082
0.5316033
0.01819837
-0.3363441
-1.302755
0.09882271
-0.9747667
-2.107426
-0.4337705
-0.1586431
-0.7276711
0.5879242
0.4627278
0.3551986
0.4631087
#Neuron
-0.3204075
-0.76972
-0.435285
-1.316604
-0.4102141
-1.389504
-0.4261512
-0.6737249
0.6513491
0.8093581
-0.08972156
-1.217729
0.1990188
-0.2759948
0.5454545
0.601006
-0.4632064
#Neuron
0.7771412
-0.6688333
-2.430372
-0.5183554
-0.6727598
-1.27129
0.09563148
-0.9630251
0.8461571
-1.360476
-1.142353
-0.6203885
-0.1081376
-1.261917
0.8914011
-1.719946
-1.96782
#Neuron
0.7980124
0.4670675
-0.08865559
-0.8688486
0.2442123
0.4117982
0.5932894
-0.9093748
-0.9923611
0.5858397
-1.426131
-0.8026876
-0.0977062
-2.902582
0.477659
-0.7778378
-0.09491408
#Neuron
0.06017089
-0.744065
-0.8669457
-0.8849161
-0.7269077
-0.05272043
-0.2139465
-0.2375304
0.4193973
0.1811055
0.3171079
0.5975683
0.5445426
0.7555196
0.6801431
0.8450954
-4.756716
#Neuron
0.4325779
-0.1990958
-1.20756
-0.9145827
-0.2945036
-2.402762
-2.179048
-1.242641
-1.496438
-1.819158
-0.7780359
-1.603866
-0.3296288
0.3533768
0.1028103
-1.603485
0.961483
#Neuron
0.2472898
-1.107987
-0.9485995
-0.187986
-1.139077
-0.8031397
-0.5626521
-3.156539
-2.749192
-1.949397
0.602278
-1.63885
0.6328206
-0.7991307
-0.0002442598
-1.517986
0.0592283
#OutputLayer
#Neuron
0.3474439
-0.1553563
-0.2125098
-1.839853
-0.8835911
0.1486999
-0.4593734
-0.02832079
-1.339533
-0.4342889
0.9710591
-0.4864193
-0.5247645
