#HiddenLayer
#Neuron
0.5621189
-0.272705
-1.883065
0.3792612
-0.4627577
0.7864435
0.8462615
-0.1213025
-0.06906998
-0.4407121
-0.2119008
0.06432688
-0.6692202
-1.150164
-0.823915
-0.8951759
-0.4532696
#Neuron
0.6411229
-0.3425943
-0.9282515
-1.769426
-0.1733657
-0.1992595
0.1285363
-0.9608347
0.4546466
0.1855425
-0.06396258
-0.4988621
-0.3920683
0.3369102
0.7078238
-1.629257
0.4050016
#Neuron
0.2504676
0.6269894
-0.4825565
0.5817337
0.7146206
-1.776937
-0.6147501
-1.502065
-0.7716789
-0.4970442
0.1240488
-0.09467924
0.6858952
0.001466155
-0.7886693
-0.6257324
0.3140425
#Neuron
0.6234261
0.9177413
-0.8181579
0.1771282
-0.2064203
-0.5987272
-0.8657824
0.1977578
-0.05752385
0.3987958
-0.541064
0.5755696
0.2688875
-0.383948
-0.9542716
-2.156347
-1.700979
#Neuron
0.2084101
0.1228136
-0.4794158
-0.7874446
-0.7122757
0.2136475
-0.4898535
0.6951232
0.6104538
-1.619618
-0.6049461
-0.4507539
0.6302083
-0.8294854
0.05975044
-0.1436169
-0.9504049
#Neuron
0.816293
0.1475235
-0.431901
-0.0445751
-0.8724833
-0.3363441
0.3586845
0.4685003
-1.702093
-0.02623487
-0.2125827
0.3867984
-0.08044326
0.714092
-0.03372991
0.3178138
0.4631087
#Neuron
-0.3668443
-0.9765258
0.02869451
0.05379951
-0.8237678
-1.389504
0.1153542
-0.4188329
0.008438706
-0.441985
0.6253514
0.9129992
0.1990188
0.7240052
0.9205441
0.06987798
-2.880386
#Neuron
0.7771412
0.4529111
-0.2504247
-0.1316093
-0.8421931
0.07738388
0.01326025
-0.5537834
0.3681004
-0.07863557
0.7970622
0.3232712
0.8799245
-0.2619168
-0.7583928
0.1157502
-0.6809857
#Neuron
0.9063594
-0.4062058
-0.8293595
-0.8968673
0.2442123
-0.9482037
-1.432122
0.56969
-0.9923611
0.1757325
-0.4261314
0.6120658
0.7010405
-0.1705779
0.477659
0.2527008
0.8064344
#Neuron
0.06017089
0.2470709
-1.386659
-1.765523
-1.209988
-0.05272043
-0.2139465
-0.1466342
0.4467346
0.7286716
-0.9760208
0.7325854
0.8592291
0.7555196
0.6801431
0.1654407
-0.5590656
#Neuron
0.3515508
-0.8734946
-0.2075604
-0.9145827
-2.207508
0.1780792
0.5239162
0.7145479
-0.773942
-0.8191576
-0.3025686
0.835146
-0.6252542
0.6221521
-1.968029
0.2466573
-1.67121
#Neuron
0.285561
-0.5814438
0.6789961
-1.880605
0.5401597
-0.7398152
0.1874925
-1.389969
0.7594562
-0.949397
0.3351297
-0.3783041
0.03377068
-1.799131
-0.652905
-0.06322348
0.9008443
#OutputLayer
#Neuron
0.5012537
-0.6025126
-0.9821326
-0.8398528
0.9293413
0.1486999
-0.6433868
0.9824841
0.7541442
0.0657171
0.9710591
-0.8568522
-0.5788927
