#HiddenLayer
#Neuron
0.5621189
-2.272705
-1.403426
-0.9634683
-0.4627577
-0.8986757
-0.9573218
-1.643107
-0.6025314
0.3661794
-0.7435169
-0.2881805
-0.1034185
-1.150164
-2.792265
-0.8951759
0.272644
#Neuron
-0.4240031
0.04891074
-0.9282515
-0.4389707
-0.5685697
-0.8219559
-1.508897
-0.8153013
-0.2949558
-0.5912373
-0.06396258
-1.498862
-1.332111
0.1450354
-1.922442
-2.791298
-0.4176978
#Neuron
0.3909723
-0.3822042
0.7097037
-0.6029468
-0.2729397
0.3600201
-0.6147501
-0.4974548
-0.8871844
-0.4124864
-1.955515
-1.829316
-0.8168547
-0.5447204
-0.7886693
-0.6257324
-1.111644
#Neuron
0.9397446
-0.1303457
-0.7542133
-0.5374315
-0.6861641
-0.5987272
-0.563606
-0.6794786
-1.893336
0.4734423
0.06074488
-0.3337431
0.7533481
0.9899006
-0.2361981
-0.3086715
-0.1531137
#Neuron
-0.1659311
0.1805001
-0.4794158
-0.6361377
-0.6024213
-0.2268426
-2.489853
-0.03638363
-0.5505724
0.5868609
-1.039163
-1.857167
-0.3697917
-1.996788
-0.1187929
-0.1968801
-1.958274
#Neuron
-0.2281508
0.5788219
-1.822152
-0.0445751
-0.9818016
-0.921979
-1.302755
0.09882271
-1.974767
0.3648851
0.2904498
-0.6955845
-0.7496772
0.5879242
-0.9802444
-1.460825
0.4631087
#Neuron
-0.1174152
-1.804422
-4.435285
-1.316604
-0.4102141
-0.9550726
-1.209882
-1.019227
-0.5077512
0.03965819
0.5411572
-0.3096431
-0.9799823
0.4951346
0.9205441
-0.4010711
-2.823349
#Neuron
0.5258201
-0.2389814
0.5061493
0.788038
-0.6727598
-1.27129
-0.9742755
-0.5537834
0.7848256
0.6785824
-1.18178
-0.487219
-0.1081376
0.6494911
-3.256941
0.1157502
-0.6809857
#Neuron
0.9396396
-0.8736262
-0.08865559
0.9939566
0.2442123
-0.9482037
-2.903258
-2.728281
-0.3332636
0.1757325
-1.551068
-1.802688
0.7010405
-0.9629828
0.4998336
-0.7778378
-1.179592
#Neuron
0.2234094
-0.5419474
-0.7476563
-0.8849161
-0.7269077
-0.2332383
-0.2139465
-0.1466342
0.3348024
0.3367555
0.3171079
0.5975683
0.5349984
0.7555196
0.6801431
0.8617136
-5.756716
#Neuron
0.4325779
-1.100825
-1.804675
0.6270244
-0.2945036
-3.402762
0.05577242
0.7145479
-0.773942
-0.1633062
-0.3025686
0.9711125
-1.329629
-0.8835375
0.1028103
-1.603485
0.961483
#Neuron
0.2472898
-0.1079869
-0.9485995
-1.187986
-0.1218253
-0.5991237
-1.562652
-3.156539
-0.749192
0.0816716
-1.408549
-0.4864409
0.03377068
-0.7991307
-0.0002442598
-1.731622
0.7530186
#OutputLayer
#Neuron
0.3474439
-0.1553563
-0.2125098
-1.839853
-0.3715085
-0.2016683
-0.4593734
-0.02832079
-0.5431223
-0.4342889
0.9392378
-0.953863
-0.5247645
