#HiddenLayer
#Neuron
0.2272066
-2.272705
-0.6347642
-1.963468
-0.1842389
-2.727509
-1.858865
-0.6431069
-1.8598
-0.2621676
-0.390462
-0.2881805
-1.66922
-1.150164
-1.927967
0.2251869
0.272644
#Neuron
0.3913752
-0.1084865
-0.9282515
-1.438971
0.7122083
0.9766552
-0.7256544
-0.8153013
-0.2949558
-0.5912373
-0.8792061
-1.498862
-2.332111
-0.9763529
-2.360703
-0.7912978
-0.7927258
#Neuron
0.3909723
-0.2344503
-1.163964
-0.6029468
-0.2729397
-0.9307359
-0.6147501
-0.3071796
-0.8871844
-1.412486
-0.0889107
-1.197861
-1.127579
-0.5447204
-1.788669
-0.600698
-0.1116439
#Neuron
0.9397446
-3.336021
-0.7542133
-1.306713
0.1382779
-0.5987272
0.2213367
-0.6794786
-1.893336
-2.731901
-0.4328877
0.2188224
-2.405186
0.3307447
-2.705823
-0.04867089
-0.7896338
#Neuron
0.1515386
-0.3547994
-0.5673585
-0.6361377
-1.602421
-1.845525
-1.100328
-0.03638363
-0.2290422
-0.4131391
-1.409505
-1.168657
-0.3697917
-0.996788
0.3627386
0.8031199
-0.06078434
#Neuron
0.2367435
-0.8416041
-1.824082
0.5316033
-0.5213547
-1.336344
-1.109428
0.09871876
-0.1600283
0.3648851
-1.433771
0.5449927
-0.3731213
-1.188316
-0.7949979
-0.2622112
-2.217585
#Neuron
-0.1174152
-0.8234527
-3.435285
-1.316604
-2.675517
-0.6842697
-0.4261512
-0.1322809
-0.5077512
-0.441985
0.04440129
-0.3096431
0.2663626
0.4951346
-0.4545455
0.5327463
-1.880386
#Neuron
0.7771412
-1.668833
-2.430372
0.788038
-0.6727598
-1.712828
0.1300439
-1.553783
-1.39801
-1.360476
-0.251891
0.3232712
0.8918624
-0.3505089
-1.28208
-0.2528427
-0.6809857
#Neuron
0.6946019
-0.8736262
-0.08865559
0.4660604
-0.8527873
0.1541485
-0.4067106
0.9933078
-0.3332636
0.1757325
-0.5441997
-0.8026876
-0.0977062
-0.5181911
0.4998336
0.8251429
-0.09491408
#Neuron
0.2234094
-0.7844343
-0.7476563
-0.8849161
-0.4979414
-0.2332383
-0.2139465
-0.2375304
0.4193973
0.1811055
0.3171079
0.5975683
0.5349984
0.7555196
0.6801431
0.8450954
-5.756716
#Neuron
0.8655843
-1.100825
-0.6367831
0.6270244
-2.207508
-0.3214108
-2.179048
-0.676702
-0.773942
0.8366938
-0.3025686
-1.603866
-1.405113
0.6221521
0.1028103
-1.603485
-0.1407686
#Neuron
-1.33993
-0.5814438
0.3541314
-1.50227
-1.121825
-0.5991237
-0.06497931
0.4471359
0.3844781
-2.841333
0.602278
-1.026344
0.03377068
-0.7991307
-0.0002442598
-0.5179863
0.5241158
#OutputLayer
#Neuron
0.3474439
-0.1553563
-0.2125098
-0.8398528
0.7263379
-0.2016683
-0.4593734
0.4135358
0.9507027
-0.4342889
0.9392378
-0.1013561
-0.5247645
