#HiddenLayer
#Neuron
0.6089275
-0.6187298
-0.7527323
-0.7828734
-0.007074237
0.7399919
-0.3566183
0.33833
0.5323427
-0.9179161
-0.6959026
-0.7719423
#Neuron
0.3266308
0.9321032
-0.7521353
-0.5612791
-0.5751209
-0.7979641
-0.9252548
-0.5802372
0.9316685
-0.5719497
-1.225014
-0.1997811
#Neuron
0.9256979
-0.945024
-1.926777
0.4707184
-1.80976
-0.5016131
0.4687209
0.1600615
0.6996534
0.8912632
-0.9220309
0.02856457
#Neuron
0.08234429
-0.9787519
-0.6935194
-0.1541203
0.3858335
0.9093857
-0.3668144
-0.7690117
-0.1060063
0.4696295
0.959527
0.4149229
#Neuron
0.4156556
0.419718
-0.152793
-0.9782665
0.4321649
0.576906
0.8443007
0.2154781
0.9586904
0.629951
0.05182302
0.3193481
#Neuron
0.6609752
-0.08466542
-0.2208
-1.314654
0.781491
-0.9403714
-0.6702087
-0.8573551
-0.8550301
0.7969229
-0.4645214
-1.811832
#Neuron
0.2746217
0.0572077
-0.8014984
-0.6458957
0.04206741
-0.06806028
0.0905267
0.6920607
0.5184786
0.5226586
0.4978745
-0.8753963
#Neuron
0.9569784
-1.458671
-0.7333789
-1.781913
0.01434386
-0.6173763
0.7084317
0.8317428
0.9390042
0.7654986
0.8067284
-0.9424844
#OutputLayer
#Neuron
0.07273483
-0.8834796
0.8876684
0.5170333
0.3068516
-0.3208457
0.2708237
0.4865613
0.8494887
