#HiddenLayer
#Neuron
0.5621189
-2.272705
0.4499817
-0.9634683
-0.5414815
-0.07481718
0.5604844
-1.121302
-1.8598
0.3661794
-0.390462
-0.2881805
0.8318741
-0.8882859
0.2304891
-2.368968
0.2352792
#Neuron
-0.4240031
-0.9510893
-0.3650283
-0.1618301
0.7122083
0.9766552
-0.5456622
-1.815301
-0.1731333
-0.5912373
0.7896378
-0.09768784
-2.332111
-0.9763529
-2.360703
-0.7912978
-0.7927258
#Neuron
-1.432723
-1.382204
0.1356956
-1.899208
-0.2729397
-0.9307359
-0.6147501
0.01983106
-1.171876
-1.412486
-0.5757763
0.8021386
0.06221688
-2.178827
0.7408075
-0.600698
-0.1116439
#Neuron
0.9397446
-1.336021
-0.7542133
-1.306713
0.1382779
-1.08978
-1.563606
-0.3740655
-0.6183524
0.7702444
-0.9392551
-0.9967618
-0.6178873
0.3307447
-2.705823
-0.5544655
-0.5454302
#Neuron
-1.165931
-0.3547994
-1.479416
0.7668538
-1.214185
0.7731574
-0.05137992
-1.036384
-0.3737217
0.5868609
-0.4095048
-0.8571665
0.6302083
-0.996788
-0.9406685
-0.1968801
-1.060784
#Neuron
0.2367435
-0.01903617
-1.824082
-0.4683967
-0.5213547
-0.921979
-1.302755
0.09882271
-0.1600283
-0.1074263
-0.4337705
-0.1586431
-0.7276711
0.5879242
-0.9802444
-2.460825
0.4631087
#Neuron
0.440658
-1.804422
-3.435285
-1.316604
-0.990478
-1.955073
-1.170147
-0.01922691
-0.5077512
0.03965819
0.04440129
-1.309643
0.1990188
0.7240052
0.5454545
0.5327463
-1.823349
#Neuron
-0.6332008
-0.6688333
-0.2504247
-0.3467308
-1.979933
-2.712828
-0.9742755
-1.773441
-0.3980097
0.6785824
-1.18178
-0.487219
0.8918624
-0.3505089
0.8914011
0.1157502
-0.6809857
#Neuron
0.7980124
-2.873626
-0.08865559
-2.794476
-1.852787
-0.9981998
0.5932894
0.9933078
-1.992361
-1.078457
-2.551068
-0.8026876
-0.0977062
-2.987425
0.4998336
-0.7778378
-2.692696
#Neuron
0.2730033
-0.5419474
-0.7476563
-0.8849161
-0.7269077
-0.2332383
-0.2139465
-0.2375304
0.2284459
0.1811055
0.3171079
0.5975683
0.5349984
0.7555196
0.6801431
0.8450954
-5.756716
#Neuron
0.4325779
-1.199096
-1.20756
-1.342886
-2.207508
-3.402762
0.05577242
0.7145479
-0.773942
0.8366938
-0.3025686
0.9711125
-1.329629
-0.785686
0.1028103
-0.2599084
0.7777152
#Neuron
0.2472898
-0.5814438
-0.9485995
-0.187986
-1.121825
-0.8031397
0.9350207
-1.24915
-1.749192
-2.841333
0.602278
-1.486441
-0.05957878
-1.196734
-0.0002442598
-1.929478
0.5241158
#OutputLayer
#Neuron
0.3474439
-0.1553563
-0.2125098
-0.8398528
-0.2736621
-0.2016683
-0.4593734
-0.02832079
0.4568777
-1.434289
0.9710591
-0.4864193
0.06141722
