#HiddenLayer
#Neuron
0.327832
-0.272705
-0.6347642
0.8587775
-1.541481
0.6265328
0.1411351
-0.343006
-0.7227244
-0.3186166
-0.4825708
-0.2881805
-0.1034185
0.05790341
-0.4246556
-1.895176
-0.2714394
#Neuron
0.3913752
-0.9744457
-0.9282515
-0.4389707
0.7122083
0.9766552
-0.1253537
-0.602294
-0.2949558
-1.776217
-1.879206
-1.498862
-1.463937
0.687798
-1.360703
-1.629257
-0.7927258
#Neuron
0.3909723
0.8224895
0.7097037
-1.602947
-0.5370288
0.3600201
-2.810654
-0.3071796
-0.01773572
-0.5954185
-0.6234183
-1.829316
0.06221688
0.5091555
0.7408075
-2.600698
-0.5534971
#Neuron
0.2663222
0.1570057
0.8065958
-0.02577841
-1.089643
-0.3310682
0.2213367
-0.3740655
-0.05263972
-0.5115724
-0.004710793
0.5755696
0.7533481
-0.6692553
-2.705823
-0.04867089
-0.1531137
#Neuron
-0.1659311
0.1805001
-0.4794158
-0.562772
-0.8521099
0.1544746
-0.1094695
-0.03638363
-0.5505724
-1.619618
-0.4095048
-1.857167
0.4272775
-0.996788
-0.6372614
-1.143617
-1.958274
#Neuron
0.1139157
0.5432537
-0.7656651
0.5028965
-0.2930957
-0.921979
0.9151466
-0.4093324
-0.4567398
0.748975
-0.2125827
0.3044154
-0.7496772
-0.6556947
0.426651
-1.460825
0.4631087
#Neuron
0.8825848
-2.804422
-0.435285
-1.316604
-0.4102141
-0.7709515
-0.1701466
-0.01922691
-0.6212134
0.5661175
0.3387
0.3449936
-0.9799823
0.9328885
0.137411
-0.4010711
-0.8233495
#Neuron
0.8101026
-1.668833
-0.1200343
-0.3467308
-0.6727598
-1.888305
-0.4588902
-1.54308
-1.812581
-0.8961279
-0.1817802
-0.487219
-0.1081376
-1.345556
0.5483501
0.1157502
-0.6809857
#Neuron
0.6077945
-0.6366558
-0.9023902
0.9939566
0.2442123
0.4117982
-0.6973038
-2.728281
-0.3332636
0.5705979
0.4558003
-0.8026876
-0.9991252
0.03701723
0.4998336
-0.7472992
-0.6926961
#Neuron
0.2730033
-0.5419474
-0.7476563
-0.8849161
-0.4979414
-0.2332383
-0.2787353
-0.1466342
0.2284459
0.1811055
0.07320154
0.3803732
0.5349984
0.5096514
0.9965339
0.8450954
-3.756716
#Neuron
0.835126
-1.100825
-0.2075604
-0.3428857
-1.715649
-2.402762
-1.118684
-0.676702
-0.773942
0.8366938
-0.3025686
-0.6038656
0.2439457
0.3533768
-2.968029
-0.6034849
-0.1407686
#Neuron
0.6600696
0.07856834
-1.111693
-1.880605
-0.9171348
-0.8530656
-0.5626521
-0.3199357
-0.749192
0.5566304
-1.510454
-0.8085024
0.6328206
-0.1967343
-0.7379513
0.8647811
0.5241158
#OutputLayer
#Neuron
0.4832663
-0.1553563
0.07841003
-0.8398528
0.1164089
0.08050048
-0.1414262
-0.02832079
0.6604667
-0.4342889
0.9392378
-0.4864193
-0.05562508
