#HiddenLayer
#Neuron
0.1752499
0.746249
-0.3341473
-0.7998273
0.5052454
0.7592485
-1.309616
-1.942399
-0.2183014
0.9900134
0.8301091
-0.04735887
-0.8583765
-0.540911
0.2842679
0.9462841
-0.2355212
#Neuron
0.5759969
0.7213848
-0.8784597
-1.501427
-0.7906909
0.3500766
0.7471716
0.6706209
-0.1975442
0.6389053
-0.3287536
0.6442215
0.6301293
0.9271443
-0.2193986
0.03331649
0.5196176
#Neuron
0.8921056
0.9963341
-0.9367819
-0.2532786
-0.7178321
-0.44093
0.05244052
0.3533718
-0.891181
-0.9686129
-0.5757763
-0.8117635
-0.06194413
0.1065785
0.2137333
-0.472881
0.6391501
#Neuron
0.8329108
0.8127804
0.9919698
-0.240646
-0.3057917
0.636009
-0.482484
-0.8029728
0.9718835
0.3671229
-0.6995437
0.387778
0.2483276
-0.4467591
0.6717341
0.7445672
0.06778228
#Neuron
0.9189204
0.06865442
-0.6238027
-0.2009183
0.2943456
0.2933581
0.1343778
-0.05474293
0.7012148
0.8519402
-0.4759783
-0.3753027
-0.931864
-0.7781644
-0.2921399
0.4488058
-0.3226978
#Neuron
0.5632322
0.7763104
-0.1435496
-0.5615623
0.7832136
0.2317461
-0.6275332
-0.9149809
-0.3098665
0.2754459
0.8974016
0.1946176
-0.5058188
0.2585046
0.752646
0.9796634
-0.5201657
#Neuron
0.02943981
0.9714942
0.4931233
-0.5098195
0.6448958
-0.4777247
-0.277244
0.2148265
0.06845844
0.8936296
-0.3187516
-0.0467695
-0.3261482
-0.7410321
-0.7943084
-0.3797146
0.8711548
#Neuron
0.8990934
-0.7191455
-0.7207549
0.5073187
-0.8241649
0.8648088
-0.3959199
-0.2184416
-0.2058989
-0.1293327
0.3103578
-0.6203885
0.9139769
0.04901564
0.001861453
-0.623327
0.8453655
#Neuron
0.05829108
-0.434052
-0.5020578
0.9906507
-0.5591998
-0.1190339
0.6985495
-0.5483246
-0.1024376
0.3013596
0.9448917
0.642369
0.358293
0.4131052
-0.9030561
0.8886631
0.7826524
#Neuron
0.8549302
-0.8296585
0.1912147
0.1832317
0.01517093
0.950145
-0.2403315
0.6885669
0.3888731
0.7109807
-0.3804473
-0.3916608
-0.810528
-0.2845465
-0.1575898
0.08648431
-0.2392579
#Neuron
0.7647965
-0.5923288
0.3223035
-0.3879446
0.3004474
0.2873382
-0.1755618
0.4081063
0.6468844
-0.1298097
0.3763311
-0.2224361
0.4907314
-0.7875502
-0.5938327
-0.3454839
0.6507924
#Neuron
-0.3539819
0.1362427
0.9686985
0.4170661
-0.4520406
-0.5562754
-0.7393727
-0.1739804
-0.5829527
-0.1394795
0.1390945
-0.4265782
0.4870858
-0.3883933
0.2642433
-0.9073577
0.2672734
#OutputLayer
#Neuron
0.5158822
0.9584727
0.709399
0.2971852
-0.6712005
0.6409149
0.8339577
-0.6800559
0.7685785
0.07482374
-0.08213341
-0.9917982
-0.994081
