#HiddenLayer
#Neuron
0.8705382
-0.8335862
0.4499817
-1.222167
0.7653072
-0.8986757
-0.8588649
-1.343006
0.5855865
-0.3186166
-1.697394
0.1665057
-1.66922
-1.083965
-1.792265
0.2251869
0.2352792
#Neuron
0.5038942
-0.03508496
-1.928252
-0.4389707
-1.607831
-0.8219559
-0.5088973
-0.8153013
-0.5999036
-1.776217
-1.879206
-0.4340504
-1.332111
-0.8728194
-1.922442
-0.7297077
-0.4176978
#Neuron
0.7786512
-0.3447326
0.7097037
-1.899208
-0.2729397
-0.6938205
-2.810654
-1.30718
-0.8871844
-0.8311195
0.1409844
-1.829316
-0.1275791
0.001466155
-0.6200533
-0.3457444
-1.111644
#Neuron
0.7439417
-3.336021
-0.7542133
-1.306713
0.1382779
-0.5987272
-1.7863
-1.808834
-0.8933356
-1.511572
0.06074488
-1.333743
-1.099324
0.3307447
-0.4653872
-1.135188
0.91435
#Neuron
-0.1659311
-0.3547994
-1.479416
-1.200918
-1.214185
0.8642311
-1.100328
-0.03638363
-0.267921
-1.619618
-1.039163
-0.1686574
-2.340344
-0.8879335
0.3627386
0.8031199
0.8801992
#Neuron
0.7718492
-0.01903617
0.1778482
-0.0445751
-0.8724833
-0.921979
-1.302755
0.09871876
0.4559002
-2.835732
-0.4337705
-0.1586431
-0.7496772
-0.8731706
-0.9802444
0.3551986
0.4631087
#Neuron
0.8825848
-2.804422
-0.435285
-1.316604
-0.280311
-0.3895036
-0.1701466
0.4037518
-0.6212134
-0.441985
-0.08972156
0.9509208
-0.03420424
0.3048694
0.5454545
0.601006
-0.8233495
#Neuron
0.3667992
-0.6688333
-2.430372
-1.518355
-0.6727598
-1.712828
0.1300439
-0.7734408
0.3574331
-1.751225
-0.251891
0.3232712
0.8918624
0.6954424
-2.256941
-0.616477
-1.96782
#Neuron
0.7914667
-0.8736262
-0.9023902
0.04635918
-0.7557877
-0.9482037
0.5932894
0.5823786
-0.9923611
-1.078457
-0.5441997
-1.387934
0.7010405
-1.902582
0.4998336
0.7436728
-0.179592
#Neuron
0.2730033
-0.7844343
-0.8669457
-0.8849161
-0.4979414
-0.09419549
-0.2139465
-0.2375304
0.4193973
0.275608
0.3171079
0.3803732
0.6862333
0.7555196
0.6801431
0.8450954
-3.756716
#Neuron
0.8655843
-1.100825
-0.8046753
-0.3428857
-1.715649
-2.402762
0.2641954
-0.08179224
-1.773942
0.8366938
-0.7780359
-1.603866
-0.3296288
0.3533768
0.1028103
0.3485117
-1.67121
#Neuron
-0.7527102
-0.5814438
-2.111693
-1.50227
-1.139077
-1.739815
0.9350207
0.1061765
-0.749192
-0.949397
-0.4085492
-1.026344
0.4497988
-0.7991307
-1.144783
0.9944327
0.5241158
#OutputLayer
#Neuron
0.3474439
-0.1553563
0.01205528
-0.761306
-0.3715085
0.08050048
-1.141426
0.9824841
0.6604667
-0.2455465
0.9710591
-0.4639072
0.06141722
