#HiddenLayer
#Neuron
0.2163445
-0.6341951
0.4499817
-1.745423
0.7909932
0.6265328
0.1411351
0.8819315
-0.949631
-0.2621676
-0.2119008
-0.5299425
-0.6692202
0.05790341
0.2304891
-0.9246409
-0.2714394
#Neuron
0.1889626
-0.3425943
-0.9282515
-0.4389707
0.5872819
0.8007405
0.2770974
-0.6129508
-0.2345018
0.1963657
-0.8792061
-0.03969967
-1.332111
0.687798
0.3401935
-1.629257
-0.974143
#Neuron
0.6700256
0.651628
-1.78168
-0.8992081
0.7146206
-0.1486558
-0.8106544
-1.765074
-0.01773572
-0.5954185
0.006883264
-0.8293159
0.06221688
0.7490859
-0.7364399
0.6542556
-0.3473228
#Neuron
0.2392216
-0.644969
-0.452026
0.09352481
-1.089643
-0.3310682
0.2213367
-0.6794786
-0.05752385
0.1832229
0.5768075
0.5755696
-0.4051863
0.9328761
-0.4653872
-0.8807046
-0.4917561
#Neuron
0.3701726
-0.9028169
-0.885788
-1.764583
-3.59041
-0.8461304
-1.489854
0.9591031
-0.6782937
-0.9137986
-0.4095048
-1.168657
-1.905115
-0.4397062
0.3627386
0.8563831
-0.4182299
#Neuron
0.7718492
0.5432537
0.05191314
0.9902205
-0.9552128
-0.921979
-0.9778101
0.6340389
-0.7020934
-0.8357315
0.7981458
0.5449927
-0.1059124
-0.8731706
-0.7949979
-1.470544
-0.2674893
#Neuron
0.6331557
0.1621352
-0.435285
0.05379951
-0.9278777
-0.4571425
0.1804363
-0.4188329
0.7510436
0.2420083
0.3387
0.3449936
0.2663626
0.9328885
0.137411
0.6809521
-2.777122
#Neuron
0.5258201
-0.1926678
-1.430372
-0.1316093
-0.6727598
-1.712828
0.1300439
-0.9776499
0.4875104
-1.896128
-1.142353
-0.487219
0.8918624
-0.4612306
-0.1474379
0.1157502
-0.6809857
#Neuron
0.382054
-0.5680323
-0.9991283
-0.884259
-1.852787
0.4485182
-0.4321221
0.5823786
-0.04324377
0.1757325
-0.4261314
0.4221749
-0.9991252
-1.987425
-0.1691681
0.2527008
-1.813366
#Neuron
0.06017089
-0.5419474
-0.2309593
-0.2638875
-1.500887
-0.05272043
-1.744904
-0.1466342
-0.8839281
0.275608
0.4188811
0.5975683
0.8592291
0.7555196
0.6826525
-1.523324
-0.5590656
#Neuron
0.580605
-0.1008254
-0.4751195
0.7889099
-0.7156491
0.1780792
0.3374572
0.1348926
-2.155593
-0.43229
0.6665399
-0.7441905
-0.3296288
-0.8835375
-0.569104
0.2466573
-0.1407686
#Neuron
0.4345105
0.07856834
0.3541314
-1.880605
-1.121825
-0.03302109
-0.4819897
0.4046507
-0.6972184
-1.841333
0.5579276
-0.3783041
0.4497988
-0.1967343
-0.0002442598
-0.2037441
-0.2712551
#OutputLayer
#Neuron
0.3474439
-1.303429
-0.01632202
-0.761306
0.1164089
0.1486999
-0.6536069
0.9824841
0.4285564
-0.4342889
0.4994287
-0.1677784
-0.05562508
