#HiddenLayer
#Neuron
0.2272066
-2.272705
0.4499817
0.06060421
-0.5414815
-0.07481718
0.04267824
-0.1213025
-1.8598
-1.318617
-0.7435169
-0.2881805
-1.103418
0.05790341
0.2304891
-0.8951759
0.2352792
#Neuron
0.5038942
0.04891074
-0.9282515
-0.1618301
0.7122083
0.9766552
-0.5456622
-0.8153013
-0.1731333
-0.5912373
0.7896378
-0.09768784
-2.332111
-0.312202
-2.360703
-0.7297077
-0.7927258
#Neuron
-0.4327233
-1.344733
-0.8289067
-1.602947
-0.2729397
-0.9307359
-0.6147501
-2.980169
-1.171876
-1.412486
-1.955515
-1.829316
0.06221688
0.001466155
-2.788669
-0.600698
-0.1116439
#Neuron
-0.06025541
-1.336021
-1.754213
-0.5374315
0.1382779
-0.3310682
-0.563606
-1.374066
-0.6183524
-2.731901
-0.4328877
-0.9967618
-0.6178873
0.3307447
-2.705823
-0.5544655
-2.789634
#Neuron
0.1500818
-0.3547994
-0.4794158
-0.6361377
-1.214185
0.7731574
-0.05137992
-0.26674
-1.550572
-0.5397964
-0.4095048
-0.8571665
0.04641736
-1.887933
-0.6372614
-0.1968801
-1.958274
#Neuron
-0.7632565
0.5788219
-1.822152
-0.4971035
-0.5213547
-2.921979
-0.1094278
0.09882271
-0.7224593
-2.107426
-0.4337705
-0.6955845
-0.7496772
0.5879242
-0.7949979
-0.2622112
0.4631087
#Neuron
0.440658
-1.804422
-0.435285
-2.316605
-0.990478
-0.6842697
-0.4261512
-0.01922691
0.6513491
-1.441985
-1.089722
-0.3096431
0.2663626
0.7240052
0.5454545
-0.4010711
-1.880386
#Neuron
0.7771412
-0.6688333
-0.2504247
-0.5183554
-1.979933
-2.712828
-0.4588902
-1.553783
-0.947943
-1.360476
-1.142353
-1.620389
0.1774615
0.6494911
-0.2820801
-0.2528427
-0.749685
#Neuron
0.7980124
-0.5329325
-0.08865559
-0.006043434
-1.852787
-0.9981998
-0.9032576
-0.006692171
-1.717885
0.5858397
-0.4261314
-0.8026876
-0.9991252
-0.5181911
0.477659
-0.7778378
-1.179592
#Neuron
0.06017089
-1.541947
-0.7476563
-0.8849161
-0.7269077
-0.2332383
-0.2139465
-0.2375304
0.2284459
0.1811055
0.3171079
0.5975683
0.5349984
0.7555196
0.6801431
0.8450954
-5.756716
#Neuron
-1.134416
-1.199096
-0.6367831
0.6270244
-3.207508
-2.402762
-3.179048
0.7145479
-2.440164
-0.1633062
0.6665399
-0.3145648
0.2301356
0.6221521
-0.9678288
-0.6137896
0.7777152
#Neuron
-0.7527102
-0.1079869
-0.9485995
-2.187986
-2.854319
-1.80314
0.9350207
0.1061765
-0.749192
-1.841333
-0.5694132
-0.4864409
-0.05957878
-1.277179
-0.0002442598
-0.5179863
0.7530186
#OutputLayer
#Neuron
0.4832663
-0.1553563
-0.2125098
-0.8398528
0.7263379
-1.135238
0.2609398
0.829916
-1.339533
-0.2455465
0.9710591
-0.953863
-0.5247645
