#HiddenLayer
#Neuron
0.5621189
-0.3008145
0.787164
0.06060421
-0.6294444
0.6265328
0.3351602
-0.1853815
-0.6025314
-0.4190459
-0.4825708
-1.047359
-0.1034185
0.9539568
0.1550297
-0.8951759
-0.2123274
#Neuron
0.3913752
0.04891074
-0.9282515
0.8914213
-1.422039
0.618814
-0.7256544
-0.3769528
-0.1975442
-1.644591
0.7297726
-0.7558932
-0.4756008
-0.5842221
-1.360703
-0.7297077
-0.974143
#Neuron
0.3909723
-0.3822042
-0.2908787
0.1236006
-1.537029
-0.674108
0.5786114
-1.624103
0.4154544
-0.5949037
0.1681701
-2.541571
-0.1275791
0.5091555
-0.7886693
-0.600698
-1.029499
#Neuron
0.8745221
-0.1303457
-0.7580799
-1.306713
-1.089643
-0.5987272
0.2213367
-2.321548
0.9473603
-0.6343637
-0.004710793
-0.9967618
-0.09932411
-0.3983082
-0.4653872
-1.156347
0.681716
#Neuron
0.1515386
-0.4447452
-0.4794158
-2.80136
-0.2973148
0.1544746
-0.4898535
-0.26674
-0.5505724
-0.5397964
-0.629642
0.5836556
0.4272775
-0.8879335
-0.08488977
0.9872169
-0.6930397
#Neuron
0.7374363
0.5432537
-0.7656651
0.5316033
0.6434133
-0.921979
-1.97781
0.6366863
-0.1600283
-0.02623487
-0.4337705
0.3867984
-0.7496772
-0.8731706
-0.03372991
0.3178138
0.4631087
#Neuron
0.6276258
0.1621352
-0.435285
-1.316604
-0.280311
-0.7709515
-0.8195637
-1.673725
-0.5077512
0.5661175
0.5411572
-1.217729
0.5516558
0.7078538
0.9205441
-0.3239985
-0.8803864
#Neuron
0.4250465
-0.2389814
-0.9954383
-0.2971605
-0.6727598
-0.2712904
-0.8699561
-0.5537834
0.4875104
-1.751225
-1.142353
0.931067
0.1774615
-0.8671148
0.5483501
-0.2223648
-0.7097924
#Neuron
0.7914667
-0.8736262
-0.9023902
-0.8968673
-0.8527873
0.09718716
-0.9032576
-2.728281
-0.7178853
-0.8242675
-0.9485672
-0.2954565
-1.589322
0.03701723
0.4998336
-0.4770137
-1.813366
#Neuron
0.3549611
-0.5419474
-0.7476563
-0.3924092
-0.4639949
-0.4680549
-0.6296093
-0.4291641
-0.8839281
0.4619538
0.7618923
0.7694778
0.1224583
0.7555196
0.6826525
0.9356725
-1.756716
#Neuron
0.3515508
-0.4749404
-0.8046753
0.6270244
-1.142135
-0.3214108
0.05577242
-0.08179224
-1.496438
-1.525092
-0.7780359
-0.2374462
0.04165733
0.9316447
0.7477131
-0.6137896
0.7398679
#Neuron
0.6600696
-0.05303311
-0.111693
-0.7989538
-0.9171348
-0.4106365
-0.5626521
-0.2491499
0.5343218
0.8287206
-0.5104544
-1.026344
0.6328206
-0.2227149
-0.7379513
-1.731622
0.9008443
#OutputLayer
#Neuron
0.5615277
-0.2982157
-0.2125098
-0.2081827
0.1164089
0.08050048
-0.1414262
0.646343
0.6604667
-0.2455465
0.9710591
0.04613698
-0.03512394
