#HiddenLayer
#Neuron
-0.4378811
-0.8335862
0.4499817
-0.9634683
-0.5414815
-0.7275085
0.04267824
-0.6431069
-1.8598
-0.2621676
-0.390462
-1.28818
0.8318741
-0.9420966
0.2304891
-0.1129308
-0.7647208
#Neuron
0.3913752
-0.9510893
-1.482927
-1.398271
0.7122083
0.9766552
-0.7256544
-0.8153013
-0.2949558
-1.591237
-1.063963
-3.083637
-2.332111
-0.9763529
-2.360703
-0.7297077
-1.792726
#Neuron
-0.4327233
-0.3822042
0.1356956
-1.602947
-0.7195046
0.3600201
-0.6147501
-0.4974548
-1.171876
-0.8311195
-0.5217183
-0.8293159
0.06221688
-0.8672209
0.7408075
-0.600698
-0.5534971
#Neuron
0.9397446
-1.336021
-0.5635254
-1.306713
0.1382779
-0.7518939
-1.563606
-0.3740655
0.5106585
-0.7095902
-0.9392551
0.2188224
-0.6178873
-0.3125296
-2.705823
-0.04867089
-0.7896338
#Neuron
-1.165931
-0.3547994
-0.02805877
-3.80136
-1.214185
-0.8455254
-1.489854
-0.26674
-0.2290422
-0.5397964
-0.4095048
-2.168657
0.04641736
0.3338861
-1.637261
-0.1968801
-1.060784
#Neuron
0.2367435
-0.4567463
-0.8221518
-0.4971035
-0.5213547
-0.921979
-1.302755
0.09871876
0.4559002
0.3648851
-1.433771
-0.6955845
-0.7276711
0.5879242
0.426651
-1.460825
-1.217585
#Neuron
-0.559342
-0.3486327
-0.2288681
-1.316604
-1.280311
-0.9550726
-1.426151
-0.1322809
-0.3486509
0.03965819
0.6253514
-1.217729
0.1990188
0.4951346
0.4167399
-0.4672537
-1.823349
#Neuron
-0.6332008
-0.6688333
-2.430372
-0.5183554
-1.67276
-1.27129
0.09563148
-1.773441
0.8461571
-0.3214176
-1.142353
-1.487219
0.1774615
0.6494911
0.8914011
-2.252843
-0.6809857
#Neuron
0.6946019
-0.8736262
-1.088656
-2.794476
-0.8527873
-3.948204
-1.903258
0.9933078
-1.992361
0.1757325
0.4558003
-0.8026876
-0.0977062
-1.902582
0.4998336
-0.7778378
-0.6131713
#Neuron
0.2730033
-0.5419474
-0.7476563
-0.8849161
-0.7269077
-0.2045373
-0.2139465
-0.2375304
0.2284459
0.1811055
0.3171079
0.5975683
0.5349984
0.7555196
0.6801431
0.8450954
-5.756716
#Neuron
0.8655843
0.4101073
-1.934426
-1.372976
-2.207508
-3.402762
-2.179048
0.7145479
-1.440164
0.8366938
-0.7780359
-1.237446
0.2301356
-0.785686
0.1028103
-1.259908
0.961483
#Neuron
0.2472898
-0.1079869
-0.9485995
-1.187986
-0.1218253
-0.8530656
-0.06497931
0.1061765
-0.749192
-1.841333
0.602278
-0.4864409
0.03377068
-1.277179
-0.0002442598
-0.5179863
-1.298792
#OutputLayer
#Neuron
0.3474439
-0.1553563
-0.2125098
-0.8398528
-0.0563792
0.08050048
0.2609398
0.4135358
0.7541442
-0.9342829
0.9710591
0.04613698
-0.5247645
