#HiddenLayer
#Neuron
-0.4378811
-1.300815
-0.5500183
0.06060421
-0.5414815
-0.8986757
-0.6648397
-0.6431069
-0.6025314
-0.2621676
-0.390462
-1.28818
-1.66922
-1.888286
0.2304891
-1.368967
0.2352792
#Neuron
-0.4240031
0.964915
-0.3650283
0.4495952
0.7122083
0.9766552
-0.7256544
-0.8153013
-0.1731333
-0.5912373
-0.5439591
-1.498862
-1.332111
-0.8502982
-0.5322859
-0.7297077
0.447278
#Neuron
0.3909723
-0.3822042
0.1710933
-1.256692
-0.5370288
-0.9307359
-4.128019
-0.3071796
-0.01773572
-0.8311195
-1.33292
-1.829316
-0.8168547
0.001466155
0.7408075
-2.600698
-0.3473228
#Neuron
0.7439417
-2.872445
-0.7542133
-0.5374315
0.1382779
-0.08978021
-2.563606
-0.6794786
-1.893336
-0.7095902
0.06074488
0.5755696
-0.6178873
0.3307447
-0.2361981
-1.156347
-1.153114
#Neuron
0.1515386
-0.3547994
-0.5673585
-0.6361377
-1.558686
0.7731574
-0.4216892
0.1360935
-0.267921
-0.4272364
-1.629642
-1.857167
-2.340344
-0.996788
-0.9406685
-0.4780507
-1.958274
#Neuron
0.2367435
0.1583959
0.1778482
-1.893858
-0.5213547
0.6358776
-0.1094278
-0.9012812
-0.7224593
-1.835732
-0.4337705
-0.3574969
-1.749677
0.5879242
-0.7949979
-1.460825
-0.5368912
#Neuron
0.440658
-0.3486327
-3.435285
-1.316604
-1.72257
-1.389504
-0.8195637
-0.01922691
-0.5077512
-0.1906419
-0.08972156
-1.217729
-1.045638
0.4951346
0.5454545
-0.4010711
-0.8233495
#Neuron
0.4250465
-2.668833
-2.430372
0.788038
-1.67276
-1.888305
-0.9742755
-0.5537834
0.3574331
-0.8961279
-0.251891
0.3232712
0.8799245
-1.345556
0.5516756
-0.8842498
-1.96782
#Neuron
0.9396396
-1.873626
-0.08865559
0.04635918
0.7501218
-0.9482037
0.5932894
-0.006692171
-0.9923611
-0.7429991
-0.4261314
-0.8026876
0.7010405
-1.902582
0.4998336
-0.7778378
-0.6131713
#Neuron
0.3871686
-0.7844343
-0.8752398
-0.8849161
-0.4979414
-0.2332383
-0.7449038
-0.2375304
0.4193973
0.3367555
0.3171079
0.5975683
0.5349984
0.7555196
0.9965339
0.8450954
-4.756716
#Neuron
0.835126
-1.592329
-1.20756
0.6270244
-0.2945036
-3.402762
0.2641954
-1.242641
-0.2913796
-1.819158
-0.3025686
-1.603866
-1.405113
-0.6466231
0.1028103
-0.6137896
-0.2222848
#Neuron
-0.3399304
-0.5814438
0.05140054
-1.50227
-0.1218253
0.1469344
-0.5827601
0.4471359
0.1930772
0.0816716
0.602278
-0.4864409
-0.05957878
-1.196734
-0.2267519
-1.486395
-1.298792
#OutputLayer
#Neuron
0.4832663
-0.1553563
-0.2125098
-0.3832453
-0.0563792
0.1486999
0.2609398
-0.02832079
0.9507027
-0.4342889
0.9710591
-0.4864193
0.06141722
