#HiddenLayer
#Neuron
0.2272066
-1.272705
-1.403426
-1.222167
0.8157611
-0.07481718
0.04267824
-0.6431069
-0.6025314
-0.2621676
-0.390462
-1.28818
-1.66922
-1.888286
-1.927967
-0.8951759
-0.7647208
#Neuron
-0.4240031
-1.108487
-1.482927
-1.398271
0.7122083
-0.8219559
-0.7256544
-0.8153013
-0.1731333
-0.5912373
-0.06396258
-1.498862
-3.332111
-1.976353
-2.360703
-0.1188873
-0.7927258
#Neuron
-0.4327233
-0.3822042
0.7097037
-1.899208
-0.5370288
-1.930736
-0.6147501
-0.4974548
-1.171876
-1.412486
-1.955515
-0.8293159
-1.816855
0.4552796
0.7408075
-0.600698
-0.5534971
#Neuron
0.9397446
-0.1303457
-0.8181579
-0.5374315
0.1382779
-2.08978
-0.563606
-1.444058
-0.4893415
-2.731901
-0.4328877
0.2188224
-0.6178873
-0.3125296
-1.236198
-1.135188
-0.5454302
#Neuron
-1.165931
0.1228136
-1.479416
0.7668538
-2.214185
0.7731574
-1.05138
-0.26674
-1.550572
0.5868609
-0.4095048
-0.8571665
0.04641736
-1.887933
-0.6372614
0.8031199
-1.958274
#Neuron
0.2367435
-0.01903617
-1.822152
0.5316033
0.6434133
-1.921979
-1.109428
0.09882271
-1.702093
-1.835732
-2.433771
-0.1586431
-0.7276711
-0.6556947
-0.9802444
-0.2622112
-0.5368912
#Neuron
0.440658
-0.3486327
-0.435285
-1.316604
-0.4102141
-0.9550726
-0.4261512
-0.01922691
0.6513491
0.8093581
-1.089722
-1.309643
0.1990188
0.4951346
0.5454545
-0.4010711
-1.823349
#Neuron
0.7771412
-0.6688333
-0.1200343
-0.5183554
-1.979933
-1.712828
-0.4588902
-1.773441
-0.947943
-1.751225
-1.18178
-0.6767287
-0.1200755
-0.3505089
-2.256941
0.1157502
0.2503149
#Neuron
0.7980124
-0.8736262
-0.08865559
-3.794476
-0.7557877
-1.588202
-0.9032576
-0.006692171
-0.7178853
0.5858397
-0.4261314
-0.8026876
0.7010405
-0.5181911
0.477659
-0.7778378
-1.179592
#Neuron
0.2730033
-0.5419474
-0.8669457
-0.8849161
-0.7269077
-0.2332383
-0.2139465
-0.2375304
0.2284459
0.1811055
0.3171079
0.5975683
0.5445426
0.7555196
0.6801431
0.8450954
-5.756716
#Neuron
0.8655843
-1.592329
-0.6367831
0.6270244
-2.207508
-2.402762
0.05577242
-0.08179224
-1.440164
0.8366938
0.6665399
-0.2374462
0.2301356
-0.8835375
0.1028103
-0.6137896
-0.1407686
#Neuron
0.2472898
-0.5814438
-2.127634
-1.187986
-0.1218253
-0.8530656
0.9350207
0.1061765
-1.749192
-2.841333
0.602278
-1.026344
0.6328206
-1.196734
-0.0002442598
-1.929478
0.7530186
#OutputLayer
#Neuron
0.4832663
-0.1553563
-0.92159
-1.383245
0.7263379
-1.201668
-0.4593734
0.4135358
-1.339533
-0.4342889
0.9710591
0.04613698
-0.5247645
