#HiddenLayer
#Neuron
0.4907004
0.8297172
0.5421007
-0.2221671
-1.902969
-1.727509
0.6221657
-0.1213025
-0.1248709
-0.6065474
-1.397655
-1.17163
-0.2773007
-0.8711393
-0.1011122
-0.3463286
-0.4532696
#Neuron
0.6411229
0.4942636
-0.7393098
-0.5002325
-0.9330318
-0.4681472
0.7456677
-0.821064
0.09206474
0.871542
0.1207939
-0.7760575
-1.463937
-0.8728194
-1.360703
-0.7964106
-1.417698
#Neuron
0.7957239
-0.1695007
0.1356956
-0.6198459
0.6913779
-0.6938205
-0.4812893
0.2925019
0.838578
-0.4970442
0.9756145
-0.180796
-0.8055969
0.5225136
-0.8400452
0.6542556
0.3128936
#Neuron
0.1938657
0.355031
0.7172616
-0.05471861
-0.6861641
0.2873842
-0.563606
0.1977578
-0.8933356
-0.5115724
-0.541064
-0.9967618
0.2688875
0.596256
0.3732164
-0.7664106
0.681716
#Neuron
-0.1659311
-0.03861654
-0.0487833
-0.3630246
-1.59041
-0.9684784
-0.0380801
0.9636164
0.7185245
0.3418886
-0.5598338
0.2110349
-0.7263553
0.09320247
0.6225891
0.8252339
-0.9504049
#Neuron
0.6575756
0.03039873
0.994771
0.3934006
0.3828351
0.6812408
-0.6502833
0.09320223
0.5637913
-0.1519288
-0.3169836
-0.3574969
0.116465
-0.5913336
-0.5774519
0.9796634
0.7467468
#Neuron
0.378208
-0.6456702
-0.1782495
0.6189466
-1.243239
-0.6842697
0.1804363
0.3214459
0.7562749
-0.441985
0.5411572
0.01838315
0.5516558
0.7078538
-0.07945585
-0.4128028
-1.962301
#Neuron
0.458332
0.7129033
0.4950113
-0.3467308
0.6245725
0.07738388
-1.582918
-0.9776499
0.3574331
-0.07863557
0.7970622
0.3232712
0.1860896
-0.05688703
-0.3520852
-0.3799886
0.8881252
#Neuron
0.3163894
0.2535906
-0.1658896
-0.849838
-0.9211235
-1.020995
-0.8171097
0.3999817
-0.242998
-0.558538
0.5936337
-0.48078
0.4317553
-0.1705779
-0.2987067
-0.5329247
0.281027
#Neuron
0.08211267
-0.7278087
-0.9503008
-0.3924092
0.7258189
0.3013684
-0.1216606
-0.2127433
-0.2332979
-0.1200676
0.8204749
0.5756023
0.8592291
-0.1955222
0.9965339
-0.4581195
0.3047642
#Neuron
0.5597307
-1.548192
0.3440473
-0.06272113
-0.8698504
0.5571244
-0.3397881
-0.1747959
0.725791
-0.1749638
-0.3025686
-0.6038656
0.6624272
-0.3385319
0.1121942
-0.4417993
0.961483
#Neuron
0.2472898
0.007175088
-0.8448088
-0.8806047
0.5401597
-0.4106365
-0.9954967
0.4471359
0.914731
0.6228015
-0.4870385
0.9274135
-0.1075832
-0.6598554
0.3510768
0.0163089
0.5241158
#OutputLayer
#Neuron
0.3474439
-0.2037357
0.9901741
0.3126833
0.1164089
0.08050048
-0.6037323
0.829916
-0.4763035
0.8461921
0.82477
0.47598
-0.1063424
