#HiddenLayer
#Neuron
-0.3482383
-0.8839605
-0.7240605
-0.8518431
-0.6587181
0.2943818
-0.3566183
0.8720074
0.968384
0.6117525
0.9355836
-0.7795508
#Neuron
0.5699942
0.9321032
-1.952366
-0.4572762
-0.5467494
0.8150134
-0.9524963
0.01418102
-0.9321023
-0.8761187
-0.901129
-0.8759673
#Neuron
0.05990708
-0.6193206
0.294049
-0.1106333
-0.8302977
0.4983868
-0.8301015
-0.02672136
0.4596464
0.1661035
0.6464078
-0.3439933
#Neuron
0.3532494
-0.8467176
-0.5109797
-0.008968949
0.9468591
-0.8839097
-0.08033288
0.3559766
0.3907358
0.8114009
-0.7276037
0.3848293
#Neuron
0.9460319
-0.08607399
0.691808
-1.084597
-0.1694189
0.1758224
0.3458478
-0.05607498
0.508641
-0.1951066
-0.3914379
-0.5770171
#Neuron
0.9599699
-0.5733721
0.9066925
-0.2328464
0.4627628
0.8271317
-0.5042503
-0.6811566
-0.2346884
-1.558858
-0.9686222
-0.3651849
#Neuron
0.216063
-0.4109596
-0.9568324
-0.8781006
-0.4617332
-0.02660644
0.9643145
0.1234652
-0.6790497
-0.7723821
0.9780283
0.05861485
#Neuron
0.6065792
-0.2403761
0.3070032
-0.0372504
0.7906477
-0.9770896
-0.05887961
-0.1031767
-0.2261406
0.1005512
-0.1652557
-0.7691326
#OutputLayer
#Neuron
0.1015563
0.6716347
0.9149435
0.4309795
-0.4223069
0.3243143
0.9050355
0.7156665
0.8235328
