#HiddenLayer
#Neuron
0.8577726
-0.5922244
-0.2793006
-0.7828734
0.6387193
0.10489
0.6989214
-0.7665451
-0.3616971
-0.9106038
-0.6785769
0.9818358
#Neuron
0.3177461
-0.776428
-0.7521353
-0.09303963
-0.7923472
-0.1705827
-1.464048
-0.4772208
0.8708546
0.4330001
-0.5173659
0.7074308
#Neuron
0.5529274
-0.8378491
0.1333083
-0.9748619
-0.2614864
0.1763076
-0.6131911
-0.5194879
-0.9875076
0.5949404
0.2583866
0.02856457
#Neuron
0.08234429
-0.8467176
-0.4269465
0.6475055
-0.2301203
0.3062317
-0.4519848
-0.9213946
-0.1901885
0.2954769
-0.4831821
-0.7660458
#Neuron
0.7763187
-2.403619
0.3658127
-0.5681136
0.9117746
-0.3699068
0.33696
0.3234474
-0.2443849
0.7232969
-0.9533637
0.5365229
#Neuron
0.4429688
-0.8115125
0.3956752
-0.9382679
0.9022484
-0.2290834
-0.1097403
0.2749397
-0.4307567
-0.660531
0.1790017
-0.2168958
#Neuron
0.4358335
-0.1921455
-0.9303989
0.08659899
0.6266286
0.1632992
-0.5666001
0.8675604
-0.3695289
-0.714638
-0.6528237
0.1025065
#Neuron
0.40261
-0.6785176
-0.6966245
-0.7044976
0.6445534
-0.7598853
-0.1766559
0.4109945
0.8706448
0.4508898
0.8627057
-2.551828
#OutputLayer
#Neuron
0.4836772
0.5277028
-0.01302588
0.1571442
0.8785412
0.6210437
-0.8429973
0.1235207
0.9886005
