#HiddenLayer
#Neuron
-0.4378811
-2.272705
0.4499817
-0.9634683
0.8157611
-0.7275085
0.5604844
-0.1213025
-1.722724
0.3661794
-0.390462
-0.2881805
-0.1034185
0.05790341
0.2304891
-0.1129308
0.272644
#Neuron
-0.4240031
-0.1084865
-1.365028
0.4495952
-1.933032
-0.8219559
-0.7256544
-0.8153013
-0.1731333
0.871542
-0.5439591
-0.09768784
-1.332111
-0.9763529
-2.360703
-0.7912978
-0.4176978
#Neuron
-0.4327233
0.6269894
0.1356956
-1.899208
-1.719505
-1.930736
-0.8106544
-0.4974548
-0.8871844
-0.4124864
-1.575776
-1.829316
-1.816855
-0.5447204
0.7408075
-0.600698
-0.1116439
#Neuron
0.9397446
-0.1303457
-0.5635254
-1.306713
0.1382779
-0.5987272
0.2213367
0.174518
0.5106585
-2.731901
-1.432888
-1.333743
-1.405186
-0.3125296
-2.705823
-0.3086715
-0.7896338
#Neuron
0.1500818
0.1805001
-0.02805877
-1.363025
-0.6024213
0.7731574
-0.4216892
0.1360935
-0.2290422
-0.4272364
-1.409505
-0.8571665
0.04641736
-0.996788
-0.6372614
-0.01278305
0.7283113
#Neuron
0.2367435
-0.4567463
-1.824082
-0.0445751
-0.5213547
-2.921979
-0.1094278
0.09871876
-0.7020934
-0.1074263
-1.433771
-0.6955845
-0.7276711
-1.188316
0.426651
0.3551986
-1.848653
#Neuron
0.8687941
-0.8234527
-4.435285
-2.316605
-0.4102141
-2.955073
-1.170147
-1.132281
-1.617252
0.8093581
-1.089722
-1.309643
0.2663626
0.7240052
0.5454545
-0.4010711
-1.880386
#Neuron
-1.633201
-0.6688333
-0.4938507
-0.5183554
-0.6727598
-2.712828
-0.9742755
-0.5537834
-0.3980097
-0.3214176
-1.251891
-0.487219
0.1774615
-0.3505089
-0.2820801
0.1157502
-0.749685
#Neuron
0.7980124
-0.8736262
-0.08865559
-0.849838
-0.7557877
-3.948204
-0.4067106
-3.728281
-0.3332636
0.1757325
-0.4261314
-0.8026876
0.7010405
-0.5181911
0.4998336
-0.7778378
-0.09491408
#Neuron
0.06017089
-0.5419474
-0.7476563
-0.8849161
-0.7269077
-0.2332383
-0.2139465
-0.2375304
0.2284459
0.1811055
0.3171079
0.5975683
0.5445426
0.7555196
0.6801431
0.8450954
-5.756716
#Neuron
0.4325779
-1.199096
-1.804675
0.6270244
-2.207508
-3.402762
-0.7358046
0.7145479
-2.440164
-0.1633062
0.6665399
-0.4732198
-0.3296288
0.6221521
-1.569104
-0.2599084
-0.1407686
#Neuron
0.2472898
-1.581444
-2.111693
-1.187986
-0.1218253
-0.8031397
-1.562652
0.1061765
-0.749192
-1.841333
-0.4085492
-0.4864409
-0.3671794
-0.7991307
-0.1836742
-1.929478
0.7530186
#OutputLayer
#Neuron
0.3474439
-1.155356
-0.2125098
-1.383245
-0.0563792
-0.1352378
-0.4593734
-1.028321
0.6604667
-0.4342889
0.9710591
-1.101356
-0.5247645
