#HiddenLayer
#Neuron
0.05920994
0.6445537
-0.5537603
-0.4141272
0.4380622
-0.009904981
0.9330974
-0.8811953
0.8227677
-0.5720758
0.2219094
-0.4318591
#Neuron
0.4320779
-0.1803828
0.09521735
0.05041468
0.6175606
-0.2055932
0.9627259
-0.4861897
0.9975357
-0.985898
0.4208963
-0.9989724
#Neuron
0.9575888
0.807071
-0.06057227
-0.1306907
0.1096135
-0.4546784
0.9389679
-0.3242799
0.697207
-0.2090546
-0.7955537
-0.3133296
#Neuron
0.6404294
-0.3031303
-0.537323
0.8341634
0.04916418
0.488456
-0.8567646
0.3488815
0.8985794
0.9331594
0.823071
0.1717337
#Neuron
0.06118476
-0.8589463
-0.2744874
0.9673548
0.9732933
-0.8240762
0.8868659
0.5677426
-0.8234706
-0.05216587
-0.5941062
0.5875301
#Neuron
0.852143
-0.3578082
-0.4955295
-0.5037882
0.7381661
0.9836934
-0.3102216
0.7590144
-0.4472708
-0.6375186
0.9123337
-0.4338962
#Neuron
0.6818144
0.8016493
-0.8605947
0.7092628
-0.5921626
0.6251013
-0.4916435
0.9030311
-0.8384891
-0.1745728
0.4778082
0.9697869
#Neuron
0.9769032
0.4392433
0.9139805
-0.05420005
0.3170364
0.07485569
0.8124328
-0.4589523
-0.906522
0.1988298
0.6064997
-0.8664398
#OutputLayer
#Neuron
0.184911
-0.192057
0.8539371
0.9537547
0.5725412
0.9096329
-0.1024436
-0.7506721
-0.3971699
