#HiddenLayer
#Neuron
0.327832
-0.8335862
-2.634764
0.06060421
-0.5414815
0.9251828
0.5604844
0.8819315
-0.06906998
0.3661794
-0.7435169
-1.008747
-0.6692202
-0.3569232
-1.792265
-1.112931
0.272644
#Neuron
0.3913752
-0.7874408
-0.3650283
-1.769426
0.7122083
0.9766552
0.1700803
-1.65292
0.1500362
-1.776217
-0.5439591
-1.083637
-1.463937
0.687798
0.3196327
-0.7912978
-0.4176978
#Neuron
0.3909723
-0.3447326
-0.1639642
0.1236006
-0.7195046
0.06926405
-0.6147501
0.5243895
-1.171876
-1.412486
-0.5217183
-0.8293159
-0.8168547
-0.9985338
-2.788669
0.6542556
-1.607854
#Neuron
0.9397446
-0.4974858
-0.7542133
0.09352481
-1.089643
-0.08978021
-0.563606
-0.3740655
-0.8442221
0.7702444
0.2625987
-0.9967618
-0.4607991
-1.31253
-1.465387
-0.04867089
0.91435
#Neuron
-0.1659311
0.3236167
-0.5673585
-0.562772
-0.8521099
0.7731574
-0.1094695
0.1360935
-0.2290422
0.5868609
-0.629642
-0.1686574
-2.340344
-0.6661139
0.3627386
0.8031199
-1.958274
#Neuron
-2.342424
-0.2245474
-1.251267
0.5316033
-0.2930957
-0.921979
-0.6413155
0.09882271
0.4559002
-0.8357315
-0.4337705
-0.1586431
-0.3731213
-0.6556947
0.426651
-1.470544
-1.217585
#Neuron
0.440658
-0.3486327
-0.435285
-1.316604
-0.990478
-0.9550726
-0.1701466
-0.6737249
0.6513491
-0.9603418
0.04440129
-0.3096431
0.2663626
0.9328885
0.137411
-0.4010711
-0.4632064
#Neuron
0.7408628
-0.5672765
0.5061493
-0.3467308
-1.979933
-1.27129
-0.9622846
-0.5537834
-0.947943
-0.8961279
-0.251891
-0.1164244
0.2952676
-1.345556
-1.256941
0.1157502
-0.6809857
#Neuron
0.7914667
0.4319677
0.6613824
-2.794476
0.2442123
0.4117982
-0.4067106
0.5823786
-0.9923611
-2.742999
0.4558003
-0.8026876
-2.848116
-1.518191
-1.275728
0.4670753
-1.692696
#Neuron
0.06017089
-0.744065
-0.9503008
-0.8849161
-0.4639949
-0.09419549
-0.6296093
-0.2375304
0.2284459
0.1811055
0.3171079
0.5975683
0.6862333
0.7555196
0.9965339
0.8450954
-4.756716
#Neuron
0.8655843
0.4101073
-0.2075604
-0.3428857
-0.9457532
-0.3214108
0.05577242
-0.08179224
-0.4401642
0.6197617
-0.3025686
-1.603866
-1.405113
-1.9497
-0.9678288
-1.61379
-1.67121
#Neuron
-0.7527102
-0.1079869
0.3541314
-1.50227
-0.1218253
-1.80314
-0.5827601
0.3095092
0.1930772
-1.841333
-0.4085492
-0.6388502
0.03377068
0.4276912
-0.7379513
-0.5179863
0.7530186
#OutputLayer
#Neuron
0.3474439
-0.1553563
0.07841003
-1.839853
-0.0563792
0.1486999
-0.4593734
0.829916
0.9507027
-0.4342889
0.9710591
-1.615637
-0.3327106
