#HiddenLayer
#Neuron
0.4621193
-0.4237994
0.4670531
0.05807006
0.6206312
-0.6340873
0.03719985
-0.2191008
-0.585196
0.02872384
-0.1731254
0.2162896
-0.6129639
0.213324
-0.124967
-0.5760446
0.1535293
#Neuron
0.7327657
-0.929368
0.9771194
-0.3533152
0.7724192
-0.4154896
0.925519
-0.5828514
-0.6893365
-0.05285203
-0.6063402
0.1678349
-1.909738
-0.5306201
0.2642712
-0.3416632
0.5894792
#Neuron
0.06536627
0.6953788
-0.02813113
0.4637165
-0.7009127
-0.2540685
0.307539
-0.3544902
0.1124247
-0.7021241
-0.7930241
0.4397392
0.9435635
-0.6753547
0.7941477
0.9983013
-0.7168603
#Neuron
0.03450489
0.3238165
0.3338308
0.2599539
-0.7897055
-0.2525827
0.07508099
0.9981842
-0.3458563
-0.4204699
0.9977415
-0.03617394
0.6944919
-1.95743
-0.2188216
-0.4407204
0.2655806
#Neuron
0.2284143
-0.2833058
0.8605587
-0.1646234
0.2399877
-0.2308828
-0.3231775
-0.3008484
-0.9681005
0.03441322
-0.3722738
0.9134295
0.748246
0.1252252
0.1671883
0.1414124
-0.5652952
#Neuron
0.8850883
-0.9605116
0.8143239
0.6634941
-0.1784188
0.7579563
-0.03605831
-0.9613855
0.766021
-0.9038475
0.4747019
0.6662688
0.5963762
0.7666216
-0.3607739
-0.595274
0.2809579
#Neuron
0.3903834
0.9356668
-1.40124
-0.3836242
-0.6659513
0.07337296
-0.5349002
-0.6134596
0.4504094
0.6050684
0.4329312
-0.487125
-0.119993
0.1854805
0.7843149
0.4822743
0.7680023
#Neuron
0.3573241
-0.336573
-0.4187323
0.6314776
0.5308115
-0.710305
-0.2346386
-0.1184405
-0.9713979
-0.6956706
-0.9055769
-0.7463102
0.006924748
0.5145926
0.9707024
0.1399926
-0.6134181
#Neuron
0.421106
-0.6405387
0.437386
0.7098985
-0.7141666
-0.04555643
0.2008721
-1.471363
0.5186512
-0.6454244
0.09137499
0.789994
-0.07193577
-0.2240288
0.5114384
-0.09136093
-0.7574449
#Neuron
0.04922819
0.1546029
0.832298
0.5423741
-0.2533678
0.06512868
-0.1973432
-0.5669935
-0.6777141
0.1967162
0.3173768
0.9276099
-0.8350956
-0.3885511
0.893409
-0.646791
-0.9480066
#Neuron
0.6210465
0.06764352
0.6241002
0.1574215
0.4498629
-0.3993052
-0.06046927
-0.9347761
0.007758737
0.7876875
-0.7952447
-0.6643989
-0.7053773
-1.526685
0.5440285
-0.4919194
-0.1833922
#Neuron
0.6332611
0.4867546
0.5180075
-0.8435678
0.5964046
-0.3436574
-0.9231207
-0.5780919
0.2101749
0.7118063
-0.2645417
-0.6029725
-0.1024066
-0.4412583
0.9706259
0.7020917
-0.9421382
#OutputLayer
#Neuron
0.1587592
0.7540805
-0.7757628
-0.3392467
-0.9062393
-1.260432
-0.2770463
0.5563269
0.1007742
0.1581742
0.3778982
0.7618144
0.6998019
