#HiddenLayer
#Neuron
0.2163445
-2.492116
0.787164
-0.1154243
-0.1842389
-0.2135565
0.5604844
-1.343006
0.5855865
-0.3186166
-0.7435169
-0.2881805
-1.66922
-0.8882859
-1.792265
-0.1129308
-0.7647208
#Neuron
0.5038942
-0.7874408
-0.4829274
-0.4740921
0.7122083
-0.8219559
-0.7256544
-0.8153013
-0.2949558
-1.776217
-0.5439591
-2.498862
-1.332111
-0.9763529
-0.5322859
-0.7912978
-0.7927258
#Neuron
0.5672767
-0.3447326
0.7097037
0.1236006
-0.5370288
0.06926405
-0.6147501
-1.30718
-2.017736
-0.8311195
-0.33292
-1.829316
-0.8168547
-0.7480714
0.2137333
-2.600698
-1.111644
#Neuron
0.2392216
-1.872445
-0.5635254
-1.306713
-0.6861641
-0.5987272
-0.563606
-1.808834
-0.8442221
-0.2297556
0.2625987
-0.9967618
-0.4607991
-0.6692553
-1.465387
-0.1351882
0.4545698
#Neuron
-0.1659311
0.1805001
-1.583791
-1.562772
-0.8521099
0.1544746
-0.4351705
-0.03638363
-1.678294
-0.5397964
-0.4095048
-1.857167
-2.340344
-0.8879335
0.3627386
0.8031199
-0.9582744
#Neuron
0.7718492
-0.4567463
0.1778482
0.5028965
0.01819837
-0.921979
0.9151466
0.2793626
-0.9747667
-1.835732
-0.4337705
0.3044154
-0.08044326
-0.4120758
0.426651
0.3178138
-0.8486526
#Neuron
0.6795925
-1.804422
-0.1782495
-0.3018311
-1.675517
-0.6842697
-0.1701466
-1.132281
-0.2813765
0.4569122
0.5411572
-0.3096431
-0.2023424
0.9328885
0.137411
0.601006
-0.8233495
#Neuron
-0.6332008
-0.6688333
-2.430372
0.788038
0.2332028
-1.712828
-0.9742755
-0.436258
0.5370643
-0.3214176
-0.251891
-0.487219
0.8918624
0.6954424
-2.256941
-0.2528427
0.2503149
#Neuron
0.7980124
-0.8736262
-0.08865559
-0.8688486
0.2442123
-1.948204
0.5932894
-0.006692171
-0.3332636
-0.7429991
0.4558003
-1.802688
-2.848116
-0.5181911
0.4998336
-0.7778378
-0.09491408
#Neuron
0.2730033
-0.5419474
-0.7476563
-0.8849161
-0.7269077
-0.09419549
-0.2139465
-0.2375304
0.2284459
0.1811055
0.3171079
0.3803732
0.5445426
0.7555196
0.6801431
0.8450954
-3.926903
#Neuron
0.4325779
-0.1990958
-0.8046753
-0.9145827
-3.207508
-0.7281346
-2.179048
-0.676702
-0.773942
0.6197617
-0.7780359
-0.6038656
0.2439457
-0.785686
0.1028103
-0.6137896
-0.2222848
#Neuron
-0.3399304
0.07856834
-1.449534
-0.9555854
-1.139077
-1.80314
-0.5626521
0.4471359
0.3844781
0.5566304
-1.510454
-1.026344
0.6328206
-0.7991307
-0.7379513
-1.731622
0.5241158
#OutputLayer
#Neuron
0.3474439
-0.04286528
0.07841003
-0.8398528
0.8671954
-0.2016683
0.2609398
0.9824841
0.7732387
-0.4342889
0.9710591
-0.4864193
0.06141722
