#HiddenLayer
#Neuron
-0.672168
-1.461361
0.05093205
0.9834926
0.8157611
-0.4817744
-0.353878
-0.343006
0.8750536
0.5809541
-1.482571
-0.2881805
-1.66922
-0.3297588
-0.4246556
0.2251869
-0.2714394
#Neuron
0.3913752
0.7991393
0.8832722
-0.1618301
0.3921687
0.3264501
-0.5456622
-0.6529205
-0.1975442
0.1855425
-0.8792061
0.1054837
0.4198141
-1.32873
0.0775584
-0.2689139
-0.974143
#Neuron
0.7957239
-0.3435987
0.1356956
-0.206791
-0.2729397
-0.5011756
0.5786114
-0.4974548
0.4154544
-0.5949037
0.1409844
0.6857252
0.09800017
-0.06756938
0.2137333
0.6542556
-0.6111193
#Neuron
0.2663222
0.1570057
-0.7542133
0.09352481
0.1382779
-1.035929
-0.563606
-0.3740655
-0.04543793
-0.5115724
-0.4328877
0.3468425
0.2688875
-1.537617
-0.4653872
0.9947805
0.91435
#Neuron
0.3701726
-0.1323804
-1.479416
0.5179784
-1.37267
0.8642311
-0.1094695
-0.03638363
-0.5505724
-0.1169953
-0.629642
-0.1686574
-2.340344
0.3338861
-0.08488977
-0.04260385
0.8801992
#Neuron
0.7718492
0.5432537
-0.7656651
0.5316033
0.6434133
0.6358776
0.3586845
-0.4093324
-0.7020934
0.5991566
-0.2012819
-0.1586431
-0.7496772
0.5036659
-0.2063595
-0.470544
-0.2175852
#Neuron
0.6331557
-0.8044224
-0.435285
-0.9832982
-0.7225697
-0.8722086
-0.4261512
0.02047288
0.008438706
0.2420083
0.5411572
-0.3096431
0.794147
0.4951346
0.4167399
0.6760015
0.1023809
#Neuron
-0.6332008
-0.7268608
-0.2504247
-0.3375217
-0.492627
-0.2712904
-0.8699561
-1.54308
0.3681004
-1.751225
-0.1423529
0.3232712
-0.1081376
-1.261917
0.1503581
0.383523
-0.9678204
#Neuron
0.7980124
-0.4062058
0.6613824
-0.8968673
-0.8527873
0.4485182
-0.6973038
0.2702658
-1.777322
-0.7429991
0.4558003
-0.8026876
0.7010405
-0.9874253
0.477659
0.9469249
-0.179592
#Neuron
0.06017089
0.2470709
-0.386659
-0.9042788
0.670996
-0.4680549
-0.2787353
-0.1466342
-0.04117167
0.1811055
0.07320154
0.7325854
-0.1407709
-0.1955222
0.9965339
0.1654407
-1.926903
#Neuron
0.8655843
-1.100825
-0.8046753
0.6270244
-0.2945036
-2.402762
0.05577242
-0.676702
-0.2913796
-1.819158
0.6665399
0.9425106
0.2301356
-0.8835375
-0.569104
-0.6137896
0.7398679
#Neuron
0.2472898
0.9469669
-0.111693
-0.5022697
-0.1218253
-0.7398152
-0.5827601
0.7164803
-0.749192
0.8287206
0.3351297
0.5135591
0.9420111
0.4276912
-0.7379513
-0.0991627
-0.4758842
#OutputLayer
#Neuron
0.3474439
-0.2982157
-0.3947449
-0.2081827
0.9293413
-0.2016683
0.2609398
0.9824841
0.8952889
-0.2455465
0.9710591
0.04613698
-0.5788927
