#HiddenLayer
#Neuron
-0.4378811
-2.272705
0.4499817
-0.1412225
0.8157611
-1.727509
-0.8588649
-0.6431069
-1.8598
-1.318617
-0.390462
-0.5299425
-0.1034185
0.05790341
0.2304891
-1.895176
0.272644
#Neuron
0.5038942
-0.9510893
-0.3650283
-2.398271
-1.933032
0.9766552
-1.508897
-1.815301
-0.5999036
-0.5912373
-0.5439591
-0.09768784
-2.332111
-0.9763529
-1.922442
-1.791298
-0.7927258
#Neuron
0.3909723
-0.3730106
0.1356956
-1.602947
-0.7195046
-0.9307359
-0.6147501
-3.307179
-2.171876
-1.412486
-0.9555148
-1.829316
-0.9377831
0.001466155
-0.7886693
-1.963001
-0.1116439
#Neuron
0.9397446
-2.336021
-1.754213
-1.537431
0.1382779
-1.08978
-0.563606
-0.3740655
-0.6183524
-2.731901
0.06074488
-0.9967618
-1.405186
-0.3125296
-0.4653872
-0.04867089
-0.1531137
#Neuron
-1.165931
0.1228136
-0.4794158
-3.80136
-1.214185
-1.845525
-1.100328
-0.03638363
-0.5505724
-0.5397964
-0.4095048
-0.8571665
-0.3697917
-0.9687805
-0.6372614
-0.01278305
-1.060784
#Neuron
0.2367435
-0.4567463
-1.822152
-1.044575
0.01819837
-1.921979
-0.1094278
-0.9012812
-0.7224593
-3.107426
-1.433771
-0.6955845
-0.7276711
-2.892349
0.426651
-0.2622112
-1.217585
#Neuron
0.440658
-0.3486327
-3.435285
-0.2314733
-1.72257
-1.955073
-0.4261512
-1.673725
-1.617252
-0.441985
-1.089722
-1.515126
-0.9799823
0.4951346
0.5454545
-0.4672537
-1.823349
#Neuron
-1.633201
-0.6688333
-0.4938507
0.788038
-1.979933
-2.712828
-0.4588902
-1.773441
-1.39801
-1.751225
-0.251891
0.3232712
-0.1200755
0.6494911
-2.256941
-1.252843
0.2503149
#Neuron
-0.2085333
-1.873626
-0.9991283
0.9939566
-1.852787
0.1541485
-0.4067106
-0.006692171
-2.717885
0.1757325
-1.551068
-0.8026876
-1.097706
-1.902582
-0.5001664
-1.777838
-2.179592
#Neuron
0.2730033
-0.5419474
-0.8752398
-0.8849161
-0.7269077
-0.2332383
-0.2139465
-0.2375304
0.2284459
0.1811055
0.3171079
0.5975683
0.5349984
0.7555196
0.6801431
0.8450954
-5.756716
#Neuron
0.8655843
-1.100825
-0.6367831
-0.3729756
-2.207508
-3.402762
0.2641954
0.7145479
-0.773942
-0.1633062
-0.3025686
-0.4732198
-1.405113
-1.646623
0.1028103
-1.259908
0.961483
#Neuron
-0.7527102
-0.1079869
0.3541314
-1.50227
-0.1218253
0.1469344
-0.5827601
-1.24915
-0.749192
-1.841333
0.602278
-1.486441
0.03377068
-0.7991307
-1.000244
-0.5179863
0.5241158
#OutputLayer
#Neuron
0.4832663
-0.1553563
-0.92159
-1.383245
-0.0563792
-0.1352378
-0.4593734
-0.02832079
-0.3395333
-0.2455465
0.9710591
-0.4864193
-0.5247645
