#HiddenLayer
#Neuron
0.8981612
-0.5682471
0.787164
0.3792612
-0.2282363
0.3320133
-0.2414252
-0.9644222
0.8200293
0.9857948
-0.2119008
0.8283699
-0.1034185
0.05790341
0.6138537
0.9345474
0.8774104
#Neuron
0.1830986
-0.008885503
-0.6824999
0.2305745
-0.3687757
0.2454978
-0.4649693
-0.3532828
-0.5955007
0.06194746
0.6476448
-0.09768784
0.8761234
-0.7430255
0.5975506
0.4313614
-0.6968439
#Neuron
0.5349709
-0.5722735
0.470953
-0.612797
0.2272793
-0.7769375
0.4125049
0.03496134
0.9754608
0.155296
0.4782817
0.8021386
0.06221688
-0.1788274
0.1290625
-0.600698
-0.3473228
#Neuron
0.9368261
-0.1669408
-0.8181579
0.5338211
-0.004815936
0.5866392
-0.3856498
0.174518
0.5106585
0.151656
0.1302985
0.2188224
-0.5227768
-0.4061886
-0.4653872
-0.4899861
0.9871643
#Neuron
0.834265
-0.3265022
-0.885788
0.5179784
0.4806375
0.9514642
-0.1094695
-0.7911124
0.4494276
0.5868609
-0.2762734
-0.8571665
-0.3687645
-0.1767601
-0.7549436
0.8031199
0.4533446
#Neuron
0.838591
-0.7371204
-0.8240824
-0.2972847
0.609627
-0.3363441
-0.831182
-0.3062869
-0.9747667
-0.2745422
-0.9051735
-0.8207934
-0.4209822
-0.8731706
0.247682
0.8011687
0.9328432
#Neuron
0.8687941
0.2504718
0.5676348
0.4300217
-0.05305421
-0.7712214
0.6253402
-0.7781866
-0.7172651
0.5661175
-0.2817789
0.878742
0.02001774
0.2698128
0.1096488
-0.9942646
-0.8233495
#Neuron
0.5258201
0.01859677
-0.009561658
0.2014431
-0.9799333
0.2975368
0.1300439
-0.5537834
-0.3980097
0.6706607
0.4387128
0.7925935
-0.5790668
0.4680371
0.5483501
-0.4452349
-0.1539632
#Neuron
0.4973978
0.4670675
-0.9023902
-0.884259
-0.8527873
0.3952303
-0.9032576
0.4164109
-0.681524
0.5858397
0.08363545
0.8078682
-0.9991252
0.02026021
0.477659
-0.3316799
-0.179592
#Neuron
0.1045558
0.7512064
0.002110362
-0.1130539
0.670996
-1.526182
0.420352
0.645489
0.2284459
-0.09198225
-0.1811672
-0.7743034
0.9058011
-0.5920866
0.7432883
0.6171579
-0.5590656
#Neuron
0.9861376
0.4101073
0.2126001
0.7821853
0.55795
-0.8958325
-0.3829457
-0.5014803
-0.2913796
-0.7567999
0.6859365
-0.3145648
-0.9372723
-0.8835375
-0.7395883
0.2466573
0.9674349
#Neuron
0.340188
0.03179228
-0.8950739
-0.5022697
-0.9171348
-0.8093805
-0.9954967
0.7164803
0.8419063
-0.2830671
0.5579276
-0.3783041
0.5011461
0.6531947
0.7141528
0.2995937
0.0592283
#OutputLayer
#Neuron
0.2914087
-0.1553563
-0.1506721
-0.3104769
0.9293413
-0.0999409
0.5908058
0.06729472
0.7541442
0.6723933
0.3030235
-0.1451679
0.2321235
