#HiddenLayer
#Neuron
-0.4378811
-1.272705
-0.9894527
-1.222167
-1.541481
-1.727509
-1.858865
-0.6431069
-0.06906998
0.3661794
-0.390462
-0.5299425
0.8318741
0.05790341
-1.927967
0.2251869
-0.7647208
#Neuron
0.3913752
-0.9510893
-0.9282515
-1.438971
0.7122083
-0.1026176
-1.508897
-0.8153013
-0.2949558
-1.591237
-2.063962
-1.498862
-1.332111
0.1450354
-2.360703
-0.1188873
-0.4176978
#Neuron
-1.432723
-0.3822042
0.4252758
-1.602947
-0.7195046
-2.930736
-0.6147501
-0.4974548
-1.171876
-1.412486
-1.861881
-1.829316
-1.816855
0.001466155
-1.788669
-0.600698
-0.1116439
#Neuron
0.9397446
-2.336021
-0.8181579
-1.537431
-0.8617221
-0.3310682
-1.563606
-1.444058
0.5106585
-2.731901
-0.4328877
-0.4244304
-1.099324
-0.01009941
-2.705823
-0.04867089
-0.1531137
#Neuron
-0.1659311
0.1805001
-0.02805877
-3.80136
-1.214185
-0.2268426
-0.4216892
-1.036384
-0.3737217
0.5868609
-1.039163
-0.8571665
0.6302083
-1.887933
-0.6372614
-0.01278305
-1.060784
#Neuron
-0.7632565
-0.4567463
-1.824082
-0.0445751
-0.5213547
-0.3363441
-1.109428
0.09871876
-0.1600283
0.3648851
-0.4337705
-0.6955845
-0.7276711
-1.188316
0.426651
-2.460825
-0.5368912
#Neuron
-0.1174152
-0.8234527
-0.2288681
-1.231473
-1.72257
-1.770952
-0.1701466
-1.673725
-0.5077512
-1.441985
0.04440129
-1.217729
0.1990188
0.7240052
-1.58326
-0.4010711
-1.880386
#Neuron
0.7771412
-0.6688333
-0.2504247
-0.5183554
-1.979933
-2.27129
-0.4588902
-0.5537834
-1.39801
-0.3214176
-1.142353
0.3232712
0.1774615
-0.3505089
-0.2820801
0.1157502
0.2503149
#Neuron
0.7980124
-0.8736262
-0.9991283
0.04635918
-0.7557877
-1.948204
-0.4067106
-3.728281
-0.7178853
-1.078457
0.4558003
-0.8026876
-0.0977062
-1.902582
-0.5001664
-1.777838
-1.179592
#Neuron
0.2730033
-0.5419474
-0.7476563
-0.8849161
-0.7269077
-0.2332383
-0.2139465
-0.2375304
0.2284459
0.1811055
0.07320154
0.5975683
0.5349984
0.7555196
0.6801431
0.8450954
-5.756716
#Neuron
0.8655843
-1.199096
-1.20756
-0.3729756
-2.207508
-0.3214108
0.2641954
0.7145479
-1.440164
0.6197617
0.6665399
-1.603866
-0.3296288
0.6221521
-0.9678288
0.7400916
-0.1407686
#Neuron
0.2472898
-0.1079869
0.05140054
-1.187986
-0.1218253
-0.8031397
0.9350207
-3.156539
-0.749192
-0.9183284
-0.4085492
-0.6388502
-0.05957878
-0.7991307
-0.0002442598
-0.5179863
0.5241158
#OutputLayer
#Neuron
0.4832663
-0.1553563
-0.2125098
-0.8398528
0.7263379
-0.1352378
-0.4593734
-0.02832079
0.4568777
-0.9342829
0.9710591
-0.953863
-0.9385828
