#HiddenLayer
#Neuron
-0.5980161
-2.272705
-0.9894527
0.06060421
-0.4627577
0.436485
0.04267824
-0.6431069
-0.6025314
0.3661794
-0.390462
-0.2881805
-1.66922
-0.8882859
-0.6997504
-0.8951759
0.272644
#Neuron
0.3913752
-0.7874408
-0.3650283
-0.4389707
-0.9330318
0.9766552
-1.545662
-0.8153013
-0.2949558
-0.5912373
-0.5439591
-1.083637
-1.332111
0.1450354
-2.922441
-0.7912978
-0.7927258
#Neuron
-0.4327233
-0.3447326
0.4252758
-1.899208
-0.5370288
-0.9307359
-0.6147501
-0.4974548
-0.8871844
-1.412486
-0.5757763
0.8021386
-0.8168547
0.5091555
0.7408075
0.6542556
-1.111644
#Neuron
0.9397446
-2.336021
-0.7542133
-2.306713
0.1382779
-1.035929
-1.563606
-0.6794786
-1.893336
0.4734423
-0.4328877
-0.9967618
-0.2466519
0.9899006
-0.4653872
-0.3086715
-0.7896338
#Neuron
-0.1659311
-0.3547994
-0.02805877
-0.6361377
-1.558686
-0.8455254
-1.489854
-0.03638363
-0.267921
0.5868609
-0.03916299
-1.168657
-0.3697917
-0.996788
-0.1187929
0.8031199
-1.060784
#Neuron
0.7718492
0.5788219
-1.822152
-1.044575
-0.5213547
-1.921979
-0.08485341
0.09871876
-0.7224593
-0.1074263
-0.4337705
-2.158643
-0.7496772
0.5879242
-0.9802444
-2.262211
0.4631087
#Neuron
0.8825848
-0.3486327
-0.2288681
-2.316605
-3.280311
-1.770952
-0.8195637
-0.01922691
-0.5077512
-1.441985
0.01043355
-0.3096431
0.1990188
-0.2759948
0.5454545
0.5327463
-1.823349
#Neuron
0.5258201
-1.668833
-0.1200343
0.788038
-1.979933
-1.27129
-0.9742755
-1.553783
0.8461571
0.6785824
-0.1423529
-1.620389
0.8918624
-2.261917
-2.256941
0.1157502
-1.75989
#Neuron
0.6946019
-1.873626
-0.9991283
-0.9536408
0.2442123
0.1541485
-0.4067106
0.5823786
-0.9923611
0.1757325
-1.551068
-1.802688
0.7010405
0.03701723
0.4998336
-0.7778378
-0.6131713
#Neuron
0.2730033
-0.744065
-0.7476563
-0.8849161
-0.4979414
-0.09419549
-0.2139465
-0.2375304
0.3348024
0.275608
0.3171079
0.5975683
0.5349984
0.7555196
0.6801431
0.8450954
-4.756716
#Neuron
0.8655843
-0.5923288
-2.207561
-0.3428857
-0.2945036
-2.402762
-2.179048
0.02044523
-0.773942
0.8366938
-0.3025686
-0.4732198
-1.329629
0.3533768
-0.9678288
-0.2599084
-0.2222848
#Neuron
0.2472898
-0.5814438
0.05140054
-1.187986
-1.139077
-0.1729659
-0.5626521
-0.2491499
-0.749192
-1.841333
-0.4085492
-0.6388502
0.03377068
-1.196734
-0.0002442598
-1.486395
0.5241158
#OutputLayer
#Neuron
0.4832663
-0.1553563
-0.2125098
-0.8398528
-1.371508
-0.2016683
-0.4593734
0.9824841
-0.3395333
-0.9342829
0.9710591
-0.953863
0.06141722
