#HiddenLayer
#Neuron
0.92441
0.07866061
0.787164
0.3792612
-0.2282363
0.08293927
0.07879794
0.8819315
-0.05549419
0.7918651
-0.2119008
0.8283699
-0.9814937
0.05790341
-0.9279673
-0.8951759
-0.2714394
#Neuron
0.6411229
-0.6269095
-1.482927
0.2305745
-0.3687757
0.2551253
-0.1253537
-0.3532828
-0.4245285
-1.436538
-0.06396258
-0.2884794
-0.3321115
-0.7430255
0.3401935
-0.6541629
-0.6947489
#Neuron
0.6700256
-0.3447326
-0.5798576
0.4495704
0.7270603
0.406624
-0.6147501
-0.5020652
0.9754608
-0.4124864
-0.4250497
0.8021386
-0.5324516
-0.1788274
0.1290625
-0.600698
-0.6111193
#Neuron
0.7439417
-0.1669408
-0.8181579
-1.703073
-0.05680931
-0.3310682
-0.8219955
0.174518
-0.05752385
0.151656
0.06074488
0.7265532
-0.6178873
0.9899006
-0.4653872
0.6913285
-0.4917561
#Neuron
0.1500818
-0.9028169
0.9719412
0.5179784
-0.2973148
-0.2414786
-0.1094695
0.8246286
-0.3895462
0.5868609
-0.4325746
-0.8571665
0.09488451
-0.1767601
-0.9774139
0.8031199
0.5619335
#Neuron
-0.326471
0.03039873
-0.8240824
0.3263228
0.6434133
-0.3363441
-1.354947
0.6366863
-0.7020934
0.9514403
-1.905174
-0.8207934
-0.1805013
-0.6556947
-0.9802444
0.3551986
-0.2674893
#Neuron
0.8687941
-0.76972
0.5676348
-0.2314733
-0.3843585
-0.4571425
0.6253402
-0.1656619
-0.2488807
-1.682775
0.4331507
0.1237971
0.02001774
-0.2772228
-0.8903512
0.8961124
0.9202616
#Neuron
0.5258201
0.4529111
-0.009561658
0.3519568
0.4559104
-0.6791885
0.1300439
-0.436258
-0.8125806
-0.3604761
-0.251891
0.7625728
0.2952676
0.3525326
-0.256941
-0.6911831
0.07783449
#Neuron
0.9396396
0.4670675
-0.8293595
0.04635918
-0.8527873
-0.2909878
-0.9032576
0.4561696
-0.681524
0.5858397
0.08363545
0.6120658
0.632422
0.6924498
0.477659
0.8251429
-0.3761753
#Neuron
0.6142117
0.7512064
0.6616883
-0.8849161
0.670996
-0.4727635
0.420352
0.645489
-0.1211838
-0.09198225
-0.1811672
0.5975683
-0.6499584
-0.843051
-0.229493
0.6171579
-1.559066
#Neuron
-0.01386237
0.4101073
0.3914549
0.7821853
-0.7156491
-0.8958325
0.2641954
-0.5014803
-0.2913796
-0.7567999
0.6665399
-0.2374462
0.2301356
-0.8835375
-0.3922114
-0.6034849
-0.937717
#Neuron
0.1677885
0.9469669
-0.8950739
-0.5022697
-1.917135
-0.3622562
-0.9954967
0.7164803
0.4068308
0.5674078
0.5579276
-0.6388502
0.3497903
-0.2771794
0.7141528
0.2995937
-0.2712551
#OutputLayer
#Neuron
0.6233283
-0.1553563
-0.3305935
-1.871353
-0.2386131
-0.1352378
-0.4593734
0.06729472
0.7541442
0.6723933
0.3030235
0.04613698
0.2321235
