#HiddenLayer
#Neuron
0.1441
0.2439493
-0.7359548
-0.4448406
0.09661639
-0.2892685
0.1700319
-1.274775
0.4611177
0.5480914
-0.7828321
0.3544008
#Neuron
0.8411607
-0.5325248
-1.621245
-0.703089
0.2616727
-0.7012677
-0.9252548
0.3763733
0.2785341
-0.6029618
-0.2250141
-0.8614197
#Neuron
0.5622846
-0.1778265
-0.4674364
-0.6653097
-0.4837383
0.8844929
0.9287007
0.853327
0.3324787
0.2763545
-0.4385818
0.09907925
#Neuron
0.9648149
-0.02166855
-0.4295179
-0.008968949
-0.8888233
-0.1075745
0.844224
-0.6176364
-0.8781898
-0.6583209
-0.1469504
-0.07757342
#Neuron
0.9848001
-0.9439843
0.4639229
0.3170504
0.8907723
-0.03142917
-0.1685814
0.1627761
-0.7702215
0.2076656
0.06035507
-0.05408561
#Neuron
0.703462
0.2813999
0.003717542
-0.2614676
-0.9044757
-0.1921731
-0.02549922
0.5199606
-0.7662158
0.4535677
0.5354786
0.06680715
#Neuron
0.6072066
0.9113533
-0.2232918
-0.9051995
-0.2904092
0.3041107
-0.5239122
0.3756582
-0.1918699
0.8205521
0.8641989
-0.8753963
#Neuron
0.8165781
-0.278102
0.4030053
0.693512
-0.8996761
-0.163766
-0.1318294
-0.1759442
-0.2074746
-0.4665848
0.806771
-0.392341
#OutputLayer
#Neuron
0.07273483
-0.88186
-0.5111415
-0.03439796
0.5094342
0.05650938
-0.1035389
0.8271525
-0.03250611
