#HiddenLayer
#Neuron
-0.4378811
-0.272705
-1.403426
-0.9634683
-0.5414815
-0.7275085
-0.8588649
-0.343006
-0.8598001
-1.318617
-3.697394
-0.5299425
-0.1034185
-0.08396471
-1.792265
-0.8951759
-0.8219887
#Neuron
0.3913752
-0.1084865
-1.365028
-0.4389707
0.7122083
0.9766552
-0.7256544
-0.8153013
-0.2949558
-0.5912373
-0.5439591
-1.498862
-2.332111
0.687798
-1.922442
-0.7912978
-0.4176978
#Neuron
-0.4327233
-1.169501
0.1356956
-1.899208
-1.27294
-2.776937
-0.6147501
-0.3071796
-2.017736
-0.5954185
-1.861881
0.8021386
-0.1275791
-0.9985338
-0.7886693
-1.963001
-0.5534971
#Neuron
0.9397446
-0.1303457
-0.5635254
-1.306713
0.1382779
-0.5987272
-0.563606
-1.679479
0.5106585
-0.7095902
-1.423193
-0.3337431
-1.099324
0.9899006
-2.705823
-0.5544655
-0.5454302
#Neuron
-0.1659311
-0.8194999
-0.5673585
-0.6361377
-1.214185
0.7731574
-0.4216892
-0.03638363
-0.5505724
-0.4272364
-1.039163
-1.857167
-2.340344
0.3338861
-0.6372614
-0.1968801
-1.958274
#Neuron
-0.3424244
-0.4567463
-0.9480869
-0.0445751
-0.5213547
0.6358776
-0.1094278
0.09882271
-0.7020934
-1.835732
-0.5346618
-0.1586431
-0.7496772
0.5879242
0.426651
-1.262211
0.4631087
#Neuron
0.440658
-1.804422
-2.435285
-0.2314733
-0.990478
-0.9550726
-0.703604
-0.6737249
0.6513491
-0.441985
-0.08972156
-0.3096431
0.2663626
-0.2759948
0.5454545
0.5327463
-0.8233495
#Neuron
0.4250465
-0.6688333
-0.1200343
-1.346731
-0.6727598
-1.712828
-0.4588902
-0.9630251
0.3574331
-1.751225
-0.08867431
0.3232712
0.2952676
-1.261917
-1.256941
-0.2528427
-0.6809857
#Neuron
0.7980124
0.4670675
-0.9991283
0.4660604
0.2442123
0.4117982
-0.9032576
0.9933078
-0.9923611
-0.8687642
0.4558003
-0.8026876
0.7010405
-0.5181911
0.4998336
-0.7472992
-1.692696
#Neuron
0.06017089
-0.744065
-0.7476563
-0.8849161
-0.4639949
-0.09419549
-0.6296093
-0.2375304
0.3348024
0.1811055
0.3171079
0.3803732
0.5445426
0.7555196
0.6801431
0.8617136
-4.756716
#Neuron
0.8655843
-0.1990958
-0.6367831
0.6270244
-2.207508
-2.402762
-0.1186842
0.02044523
-1.773942
0.8366938
-1.521364
-1.603866
-1.329629
-0.8835375
0.1028103
-0.2599084
-1.140769
#Neuron
0.2472898
-1.107987
0.3541314
-1.187986
-0.1218253
0.1469344
0.7474446
-0.2491499
-0.749192
-1.841333
0.1293763
-1.026344
0.4497988
-0.7991307
-0.0002442598
-0.5179863
0.7530186
#OutputLayer
#Neuron
0.3474439
-0.1553563
-0.2125098
-0.8398528
-0.8835911
-1.201668
-0.1414262
0.4135358
0.7732387
-0.4342889
0.9710591
-0.953863
0.06141722
