#HiddenLayer
#Neuron
0.133121
0.9591165
0.8742442
-0.12824
0.6641014
0.2439057
0.07879794
-0.1588968
0.1562785
0.5809541
0.3640094
-0.9504752
0.4633743
-0.5959363
-0.1011122
-0.8499343
0.5269222
#Neuron
0.777011
0.0255543
0.696516
0.4495952
0.7908933
0.6194577
-1.866918
-0.03749275
-0.6313071
0.7198584
-0.02991354
-0.005289435
0.9455571
-0.8728194
-0.08599615
-0.1405548
0.5916419
#Neuron
0.03150666
0.5950081
0.3886676
-0.8350539
-0.8635437
-0.674108
0.940253
-0.2181498
0.8239667
-0.2938782
-0.3414999
-0.180796
0.3058366
-0.01558006
-0.5809331
0.9183083
-0.8178556
#Neuron
0.2663222
0.4943771
-0.9796004
0.2391502
-0.04490387
-0.8031154
-1.268615
0.1977578
-0.7169428
-0.9870081
0.3835978
0.1700348
0.6605501
-0.4618963
-0.9542716
0.007031322
0.5996504
#Neuron
0.8428278
-0.6813076
-0.3027076
0.7779007
-0.7988772
-0.8312032
0.5301764
0.1604871
0.495121
-0.4272364
-0.7706239
0.9128187
-0.5952988
0.3338861
-0.4508325
-0.9817233
0.7206812
#Neuron
0.5901846
0.01400101
0.05191314
-0.09753501
-0.5836945
0.6812408
0.7189822
-0.5803425
-0.1241766
-1.353277
-0.6032062
-0.1727806
-0.9036628
-0.8993838
0.07960212
-0.7971833
-0.5434248
#Neuron
0.991895
-0.9464017
-0.2568341
-0.7745929
0.6981151
0.02032459
0.04609096
0.249544
-0.4841198
0.8093581
-0.5835357
-0.8069863
0.296942
-0.06532824
0.2673413
0.06987798
-0.4055427
#Neuron
0.79617
0.02487457
0.5442412
-0.8248286
0.7088223
-0.2287455
0.1658551
-0.2456924
-0.6187975
-0.3214176
-0.5422478
-0.8742726
-0.03642213
-0.3875686
-0.9360204
0.5648754
-0.7731426
#Neuron
0.4992208
0.699816
-0.1421815
-0.2381355
-0.6454799
-0.301201
-0.3609647
-0.8955982
-0.6483128
0.297153
0.4361093
0.1711358
-0.9379241
0.4100604
-0.289555
-0.3316799
-0.629276
#Neuron
0.1647812
-0.5565288
-0.5343912
-0.2154707
0.180694
-0.2536291
0.1357476
-0.3237573
0.5057831
-0.07168663
-0.6268649
-0.7641733
-0.3961622
-0.8309765
0.7229502
-0.7589285
0.7347789
#Neuron
0.8079194
-0.6171024
0.9876237
0.4906137
-0.5561228
0.07702005
-0.4275588
-0.531188
0.9105778
-0.7545848
0.8689969
0.3961343
0.4821994
0.1955873
0.217208
-0.4417993
-0.1573789
#Neuron
0.9187405
0.007175088
-0.04511034
0.2210122
-0.2046536
-0.9920673
-0.9278743
0.02677524
-0.7245123
0.7572978
-0.3002945
0.7249351
-0.5378861
0.5571442
-0.600131
-0.6585958
-0.6069286
#OutputLayer
#Neuron
0.4852931
-0.7072132
0.03243077
0.563329
0.8671954
-0.2589631
0.9286466
0.7093523
-1.11087
0.1190139
0.2170368
0.6911874
-0.7500463
