#HiddenLayer
#Neuron
0.92441
-0.8335862
-1.989453
-0.9634683
-0.5414815
-0.07481718
-0.9573218
-0.6431069
-0.06906998
-1.318617
-0.390462
-0.2881805
0.8318741
-1.888286
-0.1011122
-0.1129308
0.2352792
#Neuron
0.3913752
0.04891074
-0.9282515
-1.398271
-1.933032
-0.8219559
-0.7256544
-1.815301
-0.5999036
0.871542
-1.063963
-1.097688
-1.332111
-0.9763529
-3.360703
-0.7912978
-0.7927258
#Neuron
0.3909723
-0.3822042
0.1356956
-1.899208
-0.5370288
-0.9307359
-0.6147501
-0.4974548
-1.171876
-0.4124864
-0.9555148
-1.829316
0.06221688
-2.178827
0.7408075
-2.600698
-0.1116439
#Neuron
-0.06025541
-0.1303457
-1.754213
-0.5374315
0.1382779
-2.08978
-0.563606
-0.3740655
0.5106585
-2.731901
-0.9392551
0.2188224
-1.405186
0.3307447
-2.705823
-1.156347
-0.7896338
#Neuron
0.1500818
-0.3547994
-0.02805877
-3.80136
-0.6024213
-1.845525
-1.05138
-0.26674
-0.5505724
0.5868609
-0.4095048
-1.857167
0.6302083
-0.9687805
-0.6372614
-0.1968801
0.7283113
#Neuron
0.1139157
-0.4567463
-0.8221518
-1.893858
-0.5213547
-0.3363441
-0.1094278
-0.9012812
-0.7224593
-1.835732
-1.433771
-0.6955845
-0.7276711
0.5879242
-0.7949979
-0.2622112
-0.8486526
#Neuron
0.440658
-1.348633
-5.435285
-1.316604
-0.4102141
-1.389504
-0.4261512
-1.132281
-1.507751
-1.441985
0.4331507
-1.309643
0.1990188
0.4951346
-0.4545455
0.5327463
-0.8233495
#Neuron
0.7771412
-0.6688333
-2.430372
-0.3467308
-0.6727598
-1.27129
0.09563148
-0.5537834
-0.947943
-1.360476
-1.142353
0.3232712
0.8918624
0.6494911
-0.2820801
-2.252843
-0.6809857
#Neuron
0.7980124
-1.873626
-0.08865559
-0.006043434
0.2442123
-1.588202
-0.9032576
-0.006692171
-1.717885
-1.078457
-0.4261314
-0.8026876
-0.2989595
0.03701723
0.477659
-0.7778378
-2.692696
#Neuron
0.2730033
-0.5419474
-0.8669457
-0.8849161
-0.7269077
-0.2332383
-0.2139465
-0.2375304
0.2284459
0.1811055
0.3171079
0.5975683
0.5349984
0.7555196
0.6801431
0.8450954
-5.756716
#Neuron
-2.013862
-1.199096
-0.6367831
-0.3729756
-2.207508
-3.402762
0.2641954
0.7145479
-1.440164
0.8366938
-0.3025686
-1.237446
-1.405113
-0.8835375
0.1028103
-1.259908
-0.1407686
#Neuron
0.2472898
-0.1079869
-2.127634
-1.187986
-1.121825
-0.5991237
0.9350207
0.1061765
-0.749192
-1.841333
-0.5694132
-1.486441
-0.05957878
-2.277179
-0.0002442598
-0.5179863
-0.4758842
#OutputLayer
#Neuron
0.4832663
-0.1553563
-0.92159
-0.3832453
0.7263379
-0.1352378
0.2609398
-0.5864642
-0.3395333
-0.2455465
0.9710591
0.04613698
-0.5247645
