#HiddenLayer
#Neuron
0.92441
-0.4613608
0.787164
0.06060421
-0.2282363
-0.4817744
0.1411351
0.8819315
-0.949631
-0.2621676
-0.4825708
0.9279668
-0.9814937
0.05790341
-0.4246556
-0.8951759
-0.2714394
#Neuron
0.1363697
0.7054389
-0.4829274
-0.4389707
0.4314303
0.8007405
-0.7256544
-0.6129508
-0.5999036
0.6752701
-0.06396258
0.2299465
-0.3321115
-0.5842221
0.3401935
-0.3305489
-0.974143
#Neuron
0.3909723
-0.3447326
0.7097037
0.4495704
0.7270603
0.406624
-0.6147501
-1.502065
0.9754608
-0.5949037
0.4782817
-0.08867896
-0.1275791
-0.06756938
-0.7886693
-0.600698
-0.6111193
#Neuron
0.2392216
-0.1669408
-0.8181579
0.09352481
-0.7859173
-0.3310682
-0.7863004
0.174518
-0.1120085
0.151656
0.06074488
0.5755696
0.9339986
0.9899006
-0.4653872
0.6913285
-0.4917561
#Neuron
0.1500818
-0.9028169
-0.885788
0.5179784
-0.6024213
0.7731574
-0.1094695
-0.8217993
-0.3737217
-0.5397964
-0.4325746
-0.1686574
-0.3403445
-0.9687805
-0.7549436
0.8031199
0.3789227
#Neuron
0.673529
0.03039873
-0.8240824
-0.6736772
-0.8724833
-0.3803121
-0.1094278
0.6366863
-0.9747667
-0.1074263
-0.4829706
-0.05398047
-0.4209822
-0.04067862
-0.9802444
0.6499681
0.4631087
#Neuron
0.8687941
0.1621352
0.5676348
-0.2314733
-0.3843585
-0.7952304
0.6253402
-0.6737249
0.7443914
-0.441985
0.4331507
0.1237971
0.02001774
0.7240052
0.1096488
0.601006
-0.8233495
#Neuron
0.5258201
-0.6688333
-0.1806594
-0.1316093
-0.9799333
0.2975368
0.1300439
-0.5537834
0.4411204
-0.3604761
-0.1304494
0.3555128
0.2952676
-0.4612306
-0.1474379
0.3564839
-0.6809857
#Neuron
0.7384322
0.4670675
0.03472793
0.7319176
-0.8527873
0.1154169
-0.9032576
0.5823786
-0.681524
0.5858397
-0.6604052
0.6120658
0.632422
0.03701723
0.477659
0.8251429
-0.629276
#Neuron
0.6541817
-0.9075646
-0.386659
-0.8849161
-0.7269077
-0.3948904
-0.2139465
-0.872354
-0.4558169
-0.09198225
0.8364635
0.5975683
-0.6499584
-0.843051
0.5812485
0.4757724
-0.5590656
#Neuron
0.8655843
-0.1990958
0.3394286
0.6571143
-0.7156491
-0.8958325
0.2641954
-0.08179224
-0.4401642
-0.3655504
0.6804688
-0.2374462
0.2301356
-0.8835375
-0.9678288
-0.6034849
0.9674349
#Neuron
0.4886792
0.9469669
-0.04511034
-1.50227
-0.9171348
-0.03302109
0.9350207
0.7164803
0.1930772
0.8982306
0.5579276
-0.6388502
0.03377068
-0.1967343
-0.7379513
0.8245761
-0.2712551
#OutputLayer
#Neuron
0.698009
-0.1553563
0.01205528
-0.8398528
0.7613869
-0.1352378
-0.4593734
0.5816593
0.4285564
-0.3367068
0.9710591
0.04613698
0.2321235
