#HiddenLayer
#Neuron
0.2418734
-0.8064582
-0.04602134
-0.6911054
-0.2984153
0.2402171
-0.5940959
0.731436
0.1452404
0.7485778
0.8507357
-0.7212775
#Neuron
0.9545717
0.1791738
-0.5558374
-0.2773517
-0.7102699
0.9875486
0.9015756
-0.1662222
0.1387459
-0.9777598
-0.1597387
0.1944808
#Neuron
0.7508813
0.2992284
0.661906
0.5465248
0.4137025
-0.1667089
-0.9080012
-0.5885201
-0.5006595
0.9316065
-0.9638979
-0.5165524
#Neuron
0.09740889
-0.001599431
-0.8188882
0.3787882
0.7311454
0.918066
0.3990326
0.4729142
-0.7169869
0.4696295
0.9875178
-0.5655556
#Neuron
0.873313
0.6429708
-0.9675467
-0.7625322
-0.7575407
-0.8398743
0.3262727
-0.9621534
-0.4098817
-0.1185995
0.3735063
-0.2512413
#Neuron
0.8287594
-0.8115125
0.913105
0.8287637
-0.05342305
0.4556551
0.7310293
-0.4721123
-0.0331701
-0.660531
-0.02220619
0.2221674
#Neuron
0.605592
-0.4419392
0.398041
-0.9772124
0.6813951
0.7331488
-0.4446589
0.7446489
0.9360113
-0.4067723
0.07790983
-0.1130129
#Neuron
0.02246237
0.6025507
0.1966931
-0.9586968
0.2261196
0.3235609
0.7837024
0.0700196
0.5364478
0.9499755
0.3207361
-0.3277563
#OutputLayer
#Neuron
0.6844721
0.7157257
-0.8063903
-0.849988
0.5516129
0.05583203
-0.8693132
-0.3008653
-0.01878631
