#HiddenLayer
#Neuron
0.7303083
0.9591165
0.787164
0.3792612
0.74666
0.4700169
-0.8240767
-0.2569817
-0.7192223
0.5809541
-0.7001905
-0.210415
-0.7836959
-1.150164
-0.6997504
-0.0409888
0.3046262
#Neuron
0.3712928
-0.7416117
0.5727727
-0.1618301
0.7122083
0.4806399
0.6709914
-0.01916468
-0.1731333
0.1963657
-0.02991354
-0.08363664
-0.4756008
-0.8502982
0.3401935
-0.861625
0.8073974
#Neuron
0.1829591
0.5601752
-0.04904735
0.4495704
-0.1093889
-0.5684264
-0.04456723
0.5243895
0.2914941
-0.2938782
0.1681701
-1.03418
0.9856448
0.9725132
-0.5809331
-1.718961
0.05350101
#Neuron
-0.7602941
0.3489725
0.8065958
0.4647329
-0.004815936
-0.5987272
0.8731813
-0.7665908
-0.8442221
-0.5115724
0.3835978
-0.9699036
0.2273875
0.9899006
-0.7058232
-0.04867089
-0.1141688
#Neuron
-0.4470918
-0.9690824
-0.8597691
0.2674246
-1.59041
-0.8461304
0.5301764
0.1604871
-0.2038001
0.5868609
-0.4095048
0.9128187
0.2736447
0.3338861
0.3627386
0.6520519
-0.4380665
#Neuron
-0.9583648
0.3114495
-0.7214272
0.8600361
-0.5836945
-0.9770722
0.9151466
0.2793626
-0.9061782
-0.4790915
-0.6032062
-0.8207934
-0.9036628
-0.8923495
0.9646709
-0.07803786
0.6843987
#Neuron
0.6331557
-0.05076635
0.4931233
-0.6096623
-0.7225697
0.5348706
-0.703604
-0.8614504
-0.1804284
0.8936296
-0.2922975
0.3449936
0.296942
0.1279267
0.7815337
0.6760015
-0.2936765
#Neuron
0.3920035
0.7146595
-0.1200343
-0.4530064
-0.6727598
-0.1535708
0.1658551
-0.6320977
0.03245676
-0.3214176
-0.8105147
-0.06814325
-0.9771929
0.4680371
-0.2820801
0.5648754
-0.4307624
#Neuron
0.6536599
0.699816
-0.6825891
0.4660604
-0.570914
0.05800903
-0.3609647
0.8659794
-0.01931989
0.1757325
-0.5510676
-0.1601278
0.632422
-0.9025822
-0.2662832
-1.33168
-0.5757513
#Neuron
0.6483979
-0.7278087
0.22727
-0.7655232
0.7114813
-0.2536291
-0.2139465
0.9825718
0.3348024
-0.6502426
0.7618923
0.4350776
0.1224583
-0.6056807
0.7229502
-0.3265516
0.3047642
#Neuron
0.5069932
-0.4749404
-0.7869258
-0.1904765
-1.331785
0.07702005
0.8407056
-0.676702
-0.773942
-0.142655
0.5864124
0.9425106
0.2301356
0.8974934
-0.569104
0.03584278
-0.08475411
#Neuron
-0.3400259
0.007175088
0.9075987
0.8527532
-0.3295411
0.6050038
0.04797947
0.02677524
0.5343218
-0.8073928
0.1390945
-0.537539
0.03302109
-0.09900105
-1.383476
-0.3899927
0.9008443
#OutputLayer
#Neuron
0.6779327
0.1977278
-0.2125098
-0.9048891
0.5245149
0.1486999
-0.4593734
0.7174635
0.8952889
-0.763721
0.3030235
0.6911874
-0.5788927
