#HiddenLayer
#Neuron
0.2272066
-1.272705
0.4499817
-1.222167
0.8157611
-0.8986757
-1.858865
-0.6431069
-2.8598
-0.3186166
-1.390462
-0.2881805
-1.103418
-1.888286
0.2304891
-1.895176
0.272644
#Neuron
-0.4240031
0.04891074
-1.482927
-1.398271
-1.933032
-1.821956
-0.7256544
-0.8153013
-0.1731333
-0.5912373
-2.063962
-0.09768784
-2.332111
0.687798
-2.360703
-0.1188873
-1.792726
#Neuron
-0.4327233
-1.169501
0.7097037
-1.602947
-0.7195046
-0.9307359
-0.6147501
-2.980169
-1.171876
-0.4124864
-0.9555148
0.8021386
-2.816855
0.4552796
0.7408075
-1.963001
-0.1116439
#Neuron
-0.8147285
-0.1303457
-0.8181579
-1.306713
0.1382779
-1.08978
-0.563606
-0.3740655
-1.489341
-2.731901
-0.4328877
-0.4244304
-0.6178873
-0.3125296
-0.4653872
-1.156347
-0.7896338
#Neuron
0.1515386
0.1228136
-0.02805877
-3.80136
-1.214185
0.7731574
-0.05137992
-1.036384
-0.5505724
-0.4131391
-1.629642
-0.8571665
0.04641736
-1.887933
-0.6372614
-0.01278305
0.7283113
#Neuron
0.7718492
-0.4567463
-1.824082
-0.0445751
-0.5213547
-0.3363441
-1.109428
0.09882271
-0.7224593
-2.107426
-0.4337705
-0.6955845
-0.3731213
-0.6556947
0.426651
-1.262211
-0.5368912
#Neuron
-0.1174152
-0.3486327
-5.435285
-1.316604
-1.280311
-0.9550726
-2.209882
-1.673725
0.6513491
-0.1906419
-2.089722
-1.309643
0.1990188
0.7240052
0.5454545
0.5327463
-1.880386
#Neuron
0.7771412
-0.6688333
-0.2504247
0.788038
-1.979933
-2.712828
-1.974275
-2.773441
0.8461571
-1.751225
-1.142353
0.3232712
-1.120075
0.6494911
-3.256941
0.1157502
-0.6809857
#Neuron
0.6946019
-0.5329325
-1.088656
0.9939566
0.2442123
0.1541485
-0.4067106
0.9933078
-0.9923611
-1.078457
-2.551068
-0.8026876
0.7010405
0.03701723
-0.522341
0.8251429
-0.6131713
#Neuron
0.2730033
-0.5419474
-0.7476563
-0.8849161
-0.7269077
-0.2045373
-0.2139465
-0.2375304
0.2284459
0.1811055
0.07320154
0.5975683
0.5445426
0.7555196
0.6801431
0.8450954
-5.756716
#Neuron
0.8655843
-1.199096
-1.804675
0.6270244
-2.207508
-2.402762
0.05577242
0.7145479
-2.440164
-0.1633062
-0.3025686
-0.3145648
-1.756054
-0.785686
-0.569104
-0.6137896
-0.1407686
#Neuron
-1.33993
-0.1079869
0.05140054
-2.187986
-1.121825
-0.8530656
-0.5827601
0.1061765
-0.749192
-1.841333
0.602278
-1.486441
-0.05957878
-0.7991307
-0.0002442598
-0.5179863
0.5241158
#OutputLayer
#Neuron
0.4832663
-0.1553563
-1.21251
-1.839853
0.7263379
-0.1352378
-0.4593734
0.9824841
0.4568777
-1.434289
0.9392378
0.04613698
-0.5247645
