#HiddenLayer
#Neuron
0.327832
-0.4613608
-1.458678
-0.4177344
-0.4627577
0.08293927
-0.9573218
-0.1588968
-0.06906998
-0.3693188
-0.4825708
-0.9580417
0.135707
-0.1758945
-0.1667041
0.8870692
0.6082654
#Neuron
0.1444665
-0.008885503
0.3610136
-0.4389707
0.5712626
-0.1026176
0.4543378
-0.4930238
-0.5955007
-1.776217
0.7297726
-0.4988621
-0.4639369
-0.0911051
0.7078238
-0.1188873
-0.4176978
#Neuron
0.7786512
-0.3435987
-0.8643093
0.5817337
-1.772721
-0.5684264
-0.1892058
-1.502065
0.05441201
0.1224865
0.7252765
0.5871189
-0.01406729
0.1147758
-0.7886693
0.3724379
-0.0294987
#Neuron
0.2392216
-0.644969
-0.8181579
0.1771282
-0.5424476
0.409697
-1.7863
-1.321548
-1.112008
0.3987958
-0.2690763
-0.219039
0.7533481
-0.1139611
0.07289231
-0.04867089
-0.4888722
#Neuron
0.2290243
-0.3547994
0.1326841
-0.562772
0.3594229
0.9088287
-0.4216892
-0.8249213
-0.3737217
0.6699858
0.4644117
0.1426269
0.5584948
0.3338861
-0.7549436
-1.1604
-0.1680571
#Neuron
0.673529
-1.570369
0.0433501
0.5316033
-0.5836945
0.09773409
0.2983226
0.6366863
-0.7020934
-0.8357315
-0.2190644
-0.3574969
-0.1059124
-0.8731706
0.4627278
0.3551986
0.2098805
#Neuron
0.440658
-0.9120125
0.5676348
0.05379951
0.51705
-0.02576458
-0.4261512
-1.165662
0.2010869
-1.037679
-0.3746486
-0.3096431
0.794147
0.7078538
0.4167399
0.8961124
0.3776369
#Neuron
0.4250465
-1.567276
-1.430372
-0.8605206
-0.6727598
0.4387462
0.09563148
-0.5537834
-0.3980097
-1.895527
0.9846535
-0.487219
0.6801164
-0.2619168
0.8914011
0.7820439
-0.6809857
#Neuron
0.3163894
-0.8865099
0.03472793
-0.8968673
-1.852787
-1.948204
0.5932894
0.2702658
-0.681524
-0.8687642
-0.5922289
0.6120658
-1.126251
-0.9025822
0.207224
-0.4620837
-0.4592122
#Neuron
0.7637994
0.4918735
-0.386659
-1.765523
0.3109872
-0.2045373
-0.7576635
0.2048711
-0.2443539
0.5722733
0.761833
0.6756065
0.5349984
-0.1955222
0.5812485
0.4757724
-1.756716
#Neuron
0.3515508
-1.548192
-0.7522087
0.6270244
-1.993759
0.1796201
0.05577242
-0.5014803
-2.155593
-0.3655504
0.5864124
-0.2374462
0.3642635
-1.883538
-0.6679487
-0.6158397
0.8384507
#Neuron
0.4886792
-0.5814438
-0.04511034
0.04441464
-0.7215388
-0.03302109
-0.8952165
-0.6228583
-0.02656424
0.8287206
-0.5104544
-0.537539
-0.1075832
-0.4010884
0.1572779
-1.929478
-0.000624299
#OutputLayer
#Neuron
0.4212745
0.6628175
-0.08559692
0.3126833
0.1164089
-0.2016683
-0.2458493
0.9824841
-1.842526
-0.3367068
0.8314872
0.6285
-0.7536426
