#HiddenLayer
#Neuron
0.5621189
-1.492116
-0.5500183
-0.9634683
-0.5414815
-0.07481718
0.3351602
-0.6431069
-0.06906998
-0.3186166
-0.390462
-0.2881805
-1.66922
0.05790341
0.2304891
-0.8951759
-0.727356
#Neuron
0.5038942
0.04891074
-0.3650283
-0.4389707
-1.56857
0.9766552
-1.508897
-0.8153013
-0.2949558
-1.776217
-0.5439591
-0.09768784
-0.3321115
0.687798
-1.922442
-0.7297077
-0.4176978
#Neuron
-0.4327233
-0.3447326
-1.163964
-0.2566916
-0.5370288
-0.9307359
-0.6147501
-0.4974548
-1.171876
-0.5954185
-0.9555148
-1.829316
-0.8168547
-2.178827
-1.620053
-1.963001
-0.5534971
#Neuron
0.9397446
-0.1303457
-0.5635254
-1.306713
0.1382779
-1.035929
-0.563606
-0.3740655
-0.6183524
0.7702444
0.06074488
-0.9967618
-1.099324
0.3307447
-2.705823
-1.156347
-0.7896338
#Neuron
0.1515386
-0.3547994
-0.02805877
0.7668538
-0.6024213
-0.2268426
-0.05137992
-0.03638363
-0.5505724
-1.619618
-1.039163
-0.8571665
-2.340344
-0.8879335
-0.1187929
0.8031199
-2.060784
#Neuron
0.2367435
0.5788219
-1.824082
-1.893858
0.6434133
-1.921979
-1.302755
0.09882271
-0.1600283
-0.1074263
-0.4337705
-0.6955845
-0.7496772
-0.8923495
0.426651
0.3551986
0.4631087
#Neuron
0.440658
-1.804422
-1.435285
-1.316604
-0.4102141
-0.9550726
-0.4261512
-0.1322809
-0.5077512
-1.441985
-0.08972156
-1.515126
0.1990188
0.9328885
0.137411
-0.4672537
-0.8233495
#Neuron
0.7771412
-1.668833
-0.1200343
-0.5183554
-0.6727598
-2.712828
-0.9742755
-1.773441
-0.947943
-2.751225
-0.251891
0.3232712
-0.1081376
-0.3455564
-2.256941
-1.88425
-0.6809857
#Neuron
0.7980124
-0.8736262
-2.90239
0.9939566
-1.852787
-1.948204
0.5932894
-3.728281
-0.9923611
-0.7429991
0.4558003
-0.8026876
-0.9991252
-0.5181911
0.4998336
-1.777838
-0.6131713
#Neuron
0.2730033
-0.5419474
-0.7476563
-0.8849161
-0.7269077
-0.2045373
-0.2139465
-0.1466342
0.2284459
0.1811055
0.3171079
0.5975683
0.5445426
0.7555196
0.6801431
0.8450954
-5.756716
#Neuron
0.8655843
-0.5923288
-0.6367831
0.6270244
-1.294504
-2.402762
-2.179048
-0.676702
-2.440164
0.8366938
-0.3025686
-2.603866
0.2301356
-0.8835375
-0.569104
-0.2599084
0.961483
#Neuron
0.2472898
-0.5814438
-0.9485995
-1.187986
-0.9171348
0.1469344
-0.5827601
0.1061765
0.3844781
0.0816716
-1.408549
-0.4864409
-0.05957878
-1.277179
-0.0002442598
-0.5179863
0.7530186
#OutputLayer
#Neuron
0.4832663
-0.1553563
-0.2125098
-0.3832453
-0.3715085
-0.2016683
0.2609398
-0.5864642
0.6604667
-0.4342889
0.9710591
-0.4864193
-0.9385828
