#HiddenLayer
#Neuron
-0.4378811
-0.8335862
0.4499817
-0.9634683
-0.5414815
-1.727509
0.04267824
0.6846097
-0.6025314
-1.318617
-0.390462
0.3205502
-0.1034185
0.05790341
0.2304891
-1.895176
-0.2123274
#Neuron
0.3913752
-0.7874408
-0.9282515
-0.4740921
-0.9330318
0.9766552
-0.7256544
-0.8153013
-0.1731333
0.871542
-0.5439591
-1.083637
-2.332111
0.687798
-1.360703
-2.791298
0.447278
#Neuron
-0.4327233
-0.3822042
0.1356956
-1.899208
-1.27294
0.06926405
-0.6147501
-0.3071796
-1.176033
-0.5949037
0.1409844
-2.829316
-0.1275791
0.4552796
-0.7886693
-0.600698
-0.1116439
#Neuron
0.9397446
-2.336021
-0.7542133
-1.306713
0.1382779
-0.3310682
0.2213367
-0.6794786
-1.893336
-2.731901
-0.004710793
-0.9967618
-0.6178873
0.9899006
-2.705823
-1.156347
-1.153114
#Neuron
-0.1659311
0.1228136
-0.5673585
-0.6361377
-0.6024213
0.1544746
-0.1094695
-0.03638363
-0.3737217
-0.5397964
-1.039163
-1.168657
0.04641736
-0.996788
-0.6372614
-0.1968801
-1.060784
#Neuron
0.1139157
-0.4567463
-1.822152
0.5316033
-0.5213547
-1.921979
-0.1094278
0.09882271
-0.9747667
-2.835732
-0.4337705
-0.1586431
-0.3731213
-0.04067862
0.426651
-0.2622112
0.4631087
#Neuron
0.440658
-1.804422
-0.435285
-1.316604
-0.990478
-1.68427
-0.4261512
-0.1322809
-0.5077512
0.03965819
0.6253514
-0.3096431
0.1990188
0.4951346
0.4167399
0.601006
-0.4632064
#Neuron
0.5258201
-0.6688333
-2.430372
-0.3467308
-0.6727598
-2.712828
-0.9742755
-0.436258
0.8461571
-1.751225
-0.1817802
0.3232712
0.1774615
-1.345556
-0.2820801
0.1157502
-0.6809857
#Neuron
-1.201988
0.4670675
-0.08865559
0.9939566
-0.8527873
-0.9482037
0.5932894
-0.006692171
-0.3332636
0.1757325
-1.551068
-0.8026876
-0.0977062
-1.902582
0.4998336
-0.7778378
-0.09491408
#Neuron
0.2730033
-0.7844343
-0.7476563
-0.8849161
-0.7269077
-0.05272043
-0.6296093
-0.2375304
0.2284459
0.1811055
0.3171079
0.5975683
0.5349984
0.7555196
0.6801431
0.8450954
-5.756716
#Neuron
0.4325779
-1.592329
-0.8046753
0.6270244
-3.207508
-0.3214108
-3.179048
-1.242641
-1.773942
0.6197617
-0.7780359
-1.603866
0.2301356
-0.6466231
0.1028103
-0.2599084
-0.2222848
#Neuron
0.2472898
-0.1079869
0.3541314
-0.2553352
-0.1218253
-1.739815
-0.5827601
-3.156539
-0.749192
-1.841333
-0.4085492
-0.6388502
-0.9662293
-0.7991307
-0.1836742
-2.731622
0.7530186
#OutputLayer
#Neuron
0.3474439
-0.2037357
-0.2125098
-0.8398528
-0.8835911
-0.2016683
-0.4593734
0.829916
0.4568777
-0.4342889
0.9710591
-0.953863
-0.5247645
