#HiddenLayer
#Neuron
0.9602764
-0.9585431
0.7160606
-0.2874447
-0.3735151
0.0126847
-0.6905665
0.8819315
0.3097737
0.9857948
0.1652507
-0.6519163
-0.1034185
-0.4390508
0.001333833
0.5733407
0.2352792
#Neuron
0.5580689
-0.9510893
0.6181002
-0.4389707
-0.9729393
-0.0464102
-0.7225106
-0.6129508
-0.132594
0.7641301
0.6575801
0.6528585
0.08748662
-0.8119521
0.4310808
-0.4454376
-0.974143
#Neuron
0.5700509
0.6269894
0.5473881
0.5460136
0.6855884
-0.1896037
0.1061031
0.1967298
-0.1718763
-1.41221
-0.240348
0.4396543
0.1260861
-0.7863121
-0.4459172
0.8409789
-0.6111193
#Neuron
0.7439417
-0.4974858
0.1864625
0.2980489
0.122857
0.5424998
0.7240677
-0.1402906
0.5720506
0.6549344
0.06074488
0.4148402
0.4574866
-0.4061886
-0.9421847
-0.2141341
0.91435
#Neuron
0.03515911
0.7622926
-0.4180399
-0.2190963
-0.6627445
-0.9906547
0.5684273
-0.9954255
0.03458512
-0.2783638
0.8250895
0.144528
0.725945
-0.8294854
-0.4486784
-0.04260385
0.2615206
#Neuron
0.4680503
-0.7371204
-1.886798
-0.5289555
-0.6082675
0.8799827
-0.906862
0.2471939
0.4301231
0.9514403
-0.4829706
0.6489635
0.2858452
0.1892642
0.8181031
-0.2487434
0.01773107
#Neuron
0.378208
0.3437414
-0.435285
0.1120323
0.1762322
-0.8364944
0.2297658
0.6532042
-0.637028
0.2408723
0.9423616
0.2656119
-0.02480447
-0.9654243
0.8880234
0.531595
-0.6628351
#Neuron
0.7141868
0.4529111
-0.1565086
0.7956874
-0.9799333
-0.9962471
-0.03291261
-0.6034389
-0.6651342
-0.8961279
-0.5595553
-0.5824852
0.6414526
0.3525326
0.2610101
0.3946821
-0.687849
#Neuron
0.9674147
0.1201929
-0.8293595
0.1967124
0.06152856
-0.758074
0.7553055
-0.2107278
-0.2801298
-0.7438786
-0.6343918
0.9967008
0.1280092
-0.861129
-0.1947616
0.8067989
-0.0641886
#Neuron
0.8940653
0.1500329
0.1141626
0.07414663
0.5685694
0.3013684
0.7809691
-0.9385118
-0.1211838
0.3640678
0.8695562
-0.9885042
-0.001624703
-0.449072
-0.57269
-0.0779897
-0.9269032
#Neuron
0.5343272
-0.6772075
-0.3009254
-0.2786154
0.9914391
0.9068966
-0.1260039
0.8522387
0.6665723
0.01194632
-0.9544756
0.4582085
0.4852895
0.2229856
0.5384479
-0.8466401
-0.1031967
#Neuron
0.3896371
0.7811375
-0.7939014
0.101621
-0.7531297
-1.599124
-0.04538357
0.456161
0.4893317
-1.165053
0.1559328
-1.647545
-0.2521363
-0.5720668
-0.1836742
-0.7696843
0.09463775
#OutputLayer
#Neuron
0.04685521
0.3157763
0.5437663
-0.934443
-0.4953367
0.3625076
0.5908058
-0.3628823
-0.163627
0.2324911
0.6823349
0.3604738
0.7204356
