#HiddenLayer
#Neuron
-0.4378811
-1.272705
-0.5500183
-0.9634683
-1.541481
-0.8986757
-0.8588649
-0.1213025
-0.6025314
0.3661794
-0.390462
-0.2881805
0.8318741
0.05790341
0.2304891
-1.368967
0.272644
#Neuron
-0.4240031
0.04891074
-0.3650283
-2.398271
0.7122083
0.9766552
-1.508897
0.08678567
-0.1731333
0.871542
-1.063963
-0.09768784
-0.3321115
-0.9763529
-2.360703
-0.7912978
-0.4176978
#Neuron
0.3909723
-1.382204
0.7097037
-0.6029468
-0.2729397
-0.9307359
-0.6147501
-2.307179
-1.887184
-1.595418
-1.861881
-0.8293159
0.06221688
0.4552796
-0.7886693
-0.600698
-0.1116439
#Neuron
0.9397446
-1.130346
-0.8181579
-2.95541
-1.089643
-1.08978
-0.563606
-1.679479
0.5106585
-0.7319009
0.06074488
-0.9967618
-0.6178873
0.3307447
-2.705823
-1.156347
-1.54543
#Neuron
0.1515386
-0.3547994
-1.479416
0.7668538
-0.6024213
0.1586696
-1.100328
0.1360935
-0.3737217
-0.4272364
-1.039163
-1.168657
0.6302083
-1.887933
0.3627386
-0.01278305
-1.958274
#Neuron
0.2367435
0.5788219
-1.824082
0.5316033
-0.5213547
-1.921979
-0.1094278
0.09871876
-1.160028
-3.835732
-0.4337705
-0.1586431
-2.749677
-0.8923495
0.426651
-0.6821861
-0.5368912
#Neuron
0.440658
-1.823453
-0.435285
-1.316604
-0.4102141
-0.6842697
-0.1701466
-0.6737249
-1.617252
0.8093581
0.4331507
-1.309643
0.1990188
-0.2759948
0.9205441
0.5327463
-2.880386
#Neuron
0.7771412
-1.668833
-1.250425
0.788038
-1.67276
-1.712828
-0.9742755
-0.5537834
-0.3980097
-1.751225
-0.1817802
-0.487219
0.8918624
-1.261917
-0.2820801
-1.252843
-0.6809857
#Neuron
0.6946019
0.4670675
-1.088656
-0.8968673
-1.852787
-1.948204
-0.9032576
-0.4176214
-1.992361
0.1757325
0.4558003
-0.8026876
-0.0977062
-1.902582
0.477659
0.8251429
-0.6131713
#Neuron
0.2730033
-0.5419474
-0.7476563
-0.8849161
-0.7269077
-0.2332383
-0.2139465
-0.2375304
0.2284459
0.275608
0.3171079
0.5975683
0.5445426
0.7555196
0.6801431
0.8450954
-5.756716
#Neuron
0.4325779
-0.5898926
-1.20756
-0.3729756
-1.294504
-0.3214108
0.05577242
-0.2854521
-0.4401642
-0.43229
-2.778036
-2.603866
-0.3296288
0.6221521
0.1028103
-0.2599084
-0.1407686
#Neuron
-0.3399304
-0.1079869
0.3541314
-1.187986
-0.1218253
-0.1729659
-0.06497931
0.4471359
-1.749192
0.0816716
-0.4085492
-2.647545
0.03377068
-1.277179
-0.0002442598
-0.5179863
0.5241158
#OutputLayer
#Neuron
0.3474439
-0.04286528
-0.2125098
-1.383245
0.7263379
-0.2016683
0.2609398
0.829916
-0.3395333
-0.9342829
0.9392378
-0.953863
-0.5247645
