#HiddenLayer
#Neuron
-0.5980161
-1.300815
0.4499817
-0.9634683
-0.5414815
0.9251828
0.5604844
-0.6431069
0.5855865
-0.3186166
-0.390462
-0.2881805
-0.1681259
-0.8882859
-1.792265
-1.895176
-0.2123274
#Neuron
0.3913752
-0.1084865
-0.9282515
-0.5504048
0.7122083
-0.8219559
-2.508897
-0.8153013
-0.2949558
-0.5912373
-0.8792061
-1.083637
-2.332111
-0.8728194
-1.922442
-1.791298
-0.4176978
#Neuron
0.3909723
0.8224895
0.1356956
-1.602947
-1.27294
-0.9307359
-0.6147501
-0.4974548
-1.887184
-0.5949037
-0.9555148
-0.8293159
-0.8168547
0.001466155
-2.788669
-0.6257324
-2.111644
#Neuron
0.9397446
0.1570057
-0.5635254
-1.306713
-1.089643
-0.3310682
-1.38565
-1.679479
-0.8442221
0.4734423
-0.4231925
-0.3337431
-0.4051863
0.3307447
-0.4653872
-1.156347
-1.153114
#Neuron
-1.165931
-0.3547994
-1.028059
-1.967506
-2.37267
-1.84133
-0.1094695
-0.03638363
-0.2290422
0.5868609
-1.629642
-1.168657
-2.340344
0.3338861
-0.6372614
0.9872169
-1.958274
#Neuron
-0.3424244
-0.01903617
-0.7656651
-1.893858
-1.872483
-0.3363441
-0.08485341
0.09882271
-0.9747667
-0.1074263
-1.433771
0.5449927
-1.749677
0.5879242
0.426651
-1.460825
0.4631087
#Neuron
0.8687941
-0.8044224
-3.435285
-1.316604
-1.675517
-1.389504
-1.209882
-0.6737249
-0.6212134
-0.441985
-0.9497485
-1.515126
-1.979982
-0.2759948
0.5454545
0.601006
-0.4632064
#Neuron
-1.633201
-2.668833
-2.430372
-0.5183554
-1.67276
-1.27129
0.09563148
-0.9630251
-0.947943
0.6785824
-0.08867431
-0.1164244
-0.1081376
-1.345556
-1.256941
-2.252843
-2.75989
#Neuron
0.7980124
0.4670675
-0.08865559
0.9939566
-0.8527873
0.4117982
-0.4067106
0.5823786
-1.992361
-0.7429991
-0.5441997
-0.8026876
-0.0977062
-1.902582
0.4998336
-0.7778378
-1.179592
#Neuron
0.2730033
-0.744065
-0.7476563
-0.8849161
-0.4979414
-0.2332383
-0.2139465
-0.2375304
0.2284459
0.275608
0.3171079
0.5975683
0.5445426
0.7555196
0.6801431
0.8450954
-5.756716
#Neuron
-0.5674221
-1.100825
-0.2075604
-0.9145827
-2.207508
-3.402762
-2.179048
-0.4414328
-0.773942
-0.1633062
-0.3025686
-1.603866
-0.7698644
0.3533768
0.1028103
-0.6137896
0.961483
#Neuron
-0.7527102
0.9469669
-0.9485995
-1.187986
-0.1218253
-0.8031397
-1.562652
-3.156539
-1.749192
-1.841333
-0.4085492
-0.4864409
0.6328206
-0.7991307
-0.0002442598
-0.5179863
0.7530186
#OutputLayer
#Neuron
0.4832663
-0.1553563
-0.92159
-1.383245
-0.8835911
-0.1352378
0.2609398
0.9824841
0.7541442
-0.4342889
0.9710591
-0.953863
0.06141722
