#HiddenLayer
#Neuron
0.02285314
0.1863295
-0.8332505
-0.1695169
0.4380622
-0.009904981
0.9330974
-0.8811953
0.0797354
0.1678275
0.4245615
0.8887393
#Neuron
0.81717
-0.1803828
0.09521735
0.05041468
0.719763
-0.2055932
0.9627259
-0.4861897
0.9975357
-0.937525
0.3292432
0.4451663
#Neuron
0.9575888
0.807071
-0.3925442
0.8274982
0.6010926
-0.4546784
-0.1352917
-0.3242799
0.697207
-0.2090546
0.6917245
0.06723535
#Neuron
0.8558555
-0.3031303
0.4952552
0.8341634
0.04916418
0.488456
0.02569211
-0.4331237
-0.4918031
0.9331594
0.823071
0.1717337
#Neuron
0.06118476
0.108508
-0.2744874
-0.1980504
-0.7651458
-0.8988805
0.8868659
-0.3750893
0.4690418
0.4977259
0.6397481
0.5875301
#Neuron
0.04712915
-0.3578082
-0.6514208
-0.5037882
-0.8279037
0.9836934
-0.3102216
0.7590144
-0.1162008
0.6603034
0.1885792
0.3188257
#Neuron
0.0165658
0.8016493
0.3745572
0.7092628
-0.5921626
0.6251013
0.2902767
-0.175073
-0.8384891
-0.360005
0.4778082
-0.7344348
#Neuron
0.9769032
0.9462862
0.1161388
-0.05420005
0.2539842
0.07485569
0.8124328
-0.4589523
-0.906522
-0.5343015
0.7711256
0.1548537
#OutputLayer
#Neuron
0.184911
-0.192057
0.8539371
0.01360381
-0.6366124
0.4653456
-0.1024436
0.1915699
-0.9618266
