#HiddenLayer
#Neuron
0.5621189
-1.492116
0.4499817
0.8587775
-0.1842389
-0.07481718
0.5604844
0.8819315
-0.8598001
-0.3186166
-0.390462
-0.2881805
-1.66922
-0.08396471
0.2304891
-0.1129308
0.272644
#Neuron
-0.4240031
0.964915
-0.9282515
-1.398271
0.7122083
-0.8219559
-0.5456622
-0.8153013
0.9869924
-1.776217
-0.8792061
-1.083637
-1.332111
0.687798
-0.5322859
-0.7912978
-0.4176978
#Neuron
-0.4327233
-0.348372
0.1710933
0.1236006
-0.5370288
-0.9307359
-0.6147501
-1.30718
-0.01773572
-1.595418
-0.6234183
-1.829316
0.06221688
-0.7480714
-0.6200533
0.6542556
-0.1116439
#Neuron
0.7439417
-1.872445
-0.5635254
-0.5374315
0.1382779
-1.035929
-0.563606
-2.808834
-0.8442221
-0.7095902
-0.004710793
-1.996762
-1.099324
-1.31253
-1.705823
-1.156347
-1.153114
#Neuron
0.9122123
0.1228136
0.9719412
-3.80136
-0.6024213
0.1586696
-0.05137992
0.3047094
-0.267921
-1.427236
-1.039163
-0.8571665
0.6302083
-0.996788
0.3627386
0.8031199
0.7283113
#Neuron
0.7718492
0.5788219
-0.2512671
0.5028965
-0.5213547
-0.3363441
-0.1094278
-0.9011773
-0.7020934
-0.1074263
-0.4337705
0.3044154
-0.3731213
-0.8731706
-0.7949979
0.3178138
-0.2175852
#Neuron
0.8687941
-0.8044224
-0.1782495
-1.316604
-1.280311
-0.9550726
-0.1701466
-0.1322809
0.2010869
0.8093581
-0.08972156
-1.309643
0.2663626
0.9328885
0.137411
0.5327463
-0.8233495
#Neuron
0.7771412
-3.668833
-2.430372
0.788038
-0.6727598
-1.27129
-0.9043685
-0.5537834
0.7848256
-0.8961279
-0.1817802
-0.1164244
-0.1359675
0.6494911
-2.256941
-0.7199459
-1.96782
#Neuron
0.7980124
-0.5680323
-0.9991283
0.04635918
0.7501218
-0.9482037
-0.9032576
0.5823786
-0.9923611
-1.41416
-0.5441997
-1.802688
0.7010405
-0.5181911
0.4998336
-0.7778378
-0.09491408
#Neuron
0.2730033
-0.5419474
-0.7476563
-0.8849161
-0.4979414
-0.09419549
-0.2139465
-0.2375304
0.3348024
0.275608
0.3171079
0.3803732
0.5349984
0.7555196
0.6801431
0.8450954
-4.756716
#Neuron
0.835126
-0.1990958
-0.8046753
0.6270244
-2.207508
-2.402762
-3.179048
-0.08179224
-0.773942
0.8366938
0.6665399
-0.2374462
-1.405113
0.6221521
0.1028103
0.3485117
-0.1407686
#Neuron
0.2472898
-0.1079869
0.05140054
-0.187986
-0.1218253
-0.5991237
-1.562652
0.7164803
-0.749192
-0.8413332
0.3351297
-1.026344
-0.9662293
-1.277179
-1.183674
-1.731622
-1.298792
#OutputLayer
#Neuron
0.4832663
-0.1553563
-0.2125098
-1.839853
0.8671954
0.08050048
-0.1414262
0.829916
0.4568777
-0.4342889
0.9710591
-0.953863
0.06141722
