#HiddenLayer
#Neuron
-0.866879
-0.272705
-1.458678
-0.2221671
-0.2282363
0.7509787
-0.353878
-0.6431069
-0.8598001
-0.2609054
-0.2119008
-0.2881805
0.3294596
-0.3725425
0.3674748
-0.9246409
0.5269222
#Neuron
-0.4419311
0.964915
-0.4829274
-0.09572423
0.06355727
-2.447761
0.8813145
-0.09690082
0.4546466
-0.5912373
-0.6857045
-0.08363664
-0.3321115
-0.8502982
0.9729769
-0.2689139
-0.7927258
#Neuron
0.4689228
0.5950081
0.4252758
0.9018474
-0.5199676
-0.44093
-0.6147501
-0.4974548
-0.8871844
0.3238203
-0.6234183
-0.03418028
-0.7587814
-0.8447378
0.1290625
-0.3062447
0.3140425
#Neuron
0.7439417
-0.7456167
-0.452026
-1.306713
0.1382779
-0.5987272
-0.563606
0.03329241
-0.6183524
-0.5115724
-0.8329928
-0.5197434
-0.6178873
-0.3125296
-0.4653872
0.09105432
0.91435
#Neuron
0.1500818
0.1805001
0.1328782
-1.764583
-0.8521099
0.1586696
-0.1094695
0.3047094
0.495121
0.167497
-0.9433045
-0.8571665
-0.9522007
-0.9687805
-1.754944
-0.1436169
0.5619335
#Neuron
0.09691942
0.5893273
0.1778482
0.5028965
-0.8724833
-0.8802879
-0.354947
0.4685003
-0.747299
-0.02623487
-0.6032062
0.3867984
-0.1059124
-0.04067862
-0.5622804
0.167837
-0.8486526
#Neuron
0.02441132
-1.804422
-0.435285
-0.9835181
-1.927878
-0.7709515
0.4827456
-0.6737249
-0.9835711
-0.441985
0.3387
0.2656119
0.1990188
0.9328885
0.4094784
-0.6186042
-0.2567319
#Neuron
0.04286623
-1.668833
-0.1806594
-0.5183554
-1.67276
-1.712828
0.9925845
-0.5537834
0.3681004
-0.3214176
-0.1817802
0.6503766
0.8799245
0.6954424
0.8914011
0.8296459
-0.1539632
#Neuron
0.03324771
0.4670675
-1.682589
-0.6696501
-0.4194409
-0.9482037
0.3068294
-0.6831784
-0.242998
0.5858397
-0.6604052
0.9464402
0.4376561
-0.9874253
-1.264037
0.1645476
0.281027
#Neuron
0.06017089
0.5542076
-0.386659
-1.391266
-0.5742018
0.06562722
-1.757663
0.6886613
-0.8332145
0.1811055
0.7618923
0.7325854
0.9058011
0.881613
0.6801431
0.8450954
-0.06660807
#Neuron
0.4325779
-0.1990958
-0.8046753
-1.047778
-0.4386433
-0.8958325
0.5239162
0.7145479
-0.2913796
-0.5250924
-0.9544756
-0.4732198
-0.9921043
0.1955873
0.4786281
0.2466573
-1.67121
#Neuron
0.4886792
0.07856834
0.3541314
0.4360361
-0.4774615
-1.157832
-0.03945768
0.7164803
0.004725337
0.05060303
0.1390945
-0.3783041
0.9420111
-0.1967343
-0.652905
0.9944327
0.5241158
#OutputLayer
#Neuron
0.4832663
-0.6025126
-0.01632202
-0.8398528
0.9293413
-0.1352378
-0.4593734
0.9824841
0.8834124
-0.5121601
0.265243
-0.4639072
-0.03512394
