#HiddenLayer
#Neuron
0.92441
-1.492116
-0.5500183
-2.222167
-1.184239
-0.07481718
-0.4395156
-0.1213025
-2.8598
-1.318617
-0.390462
-0.2881805
-1.66922
-1.888286
0.2304891
-0.8951759
-0.2123274
#Neuron
-0.4240031
-0.7874408
-0.3650283
-2.398271
0.7122083
-0.8219559
-1.508897
-1.815301
-0.1731333
-0.5912373
-1.063963
-2.083637
-0.2596972
0.1450354
0.3401935
-0.1188873
-0.7927258
#Neuron
-0.4327233
-0.3730106
-0.5747242
-1.602947
-0.7195046
-0.9307359
-1.61475
-0.4974548
-1.171876
-0.8311195
-0.5757763
-1.541571
-1.816855
-1.998534
0.7408075
-2.963001
-2.111644
#Neuron
-0.06025541
-0.1303457
-1.754213
-1.306713
-2.089643
-2.08978
0.2213367
-0.3740655
-2.489341
-2.731901
-1.432888
0.2188224
-1.405186
0.9899006
-3.705823
-0.04867089
-1.54543
#Neuron
-0.8499182
0.1805001
-0.02805877
-3.80136
-1.214185
0.7731574
-1.05138
-0.26674
-0.5505724
-1.619618
-1.629642
-0.8571665
0.04641736
-1.887933
-0.6372614
0.8031199
-1.060784
#Neuron
0.2367435
-0.4567463
-1.824082
-1.893858
-0.5213547
-2.921979
-0.1094278
0.09882271
-1.702093
-1.635115
-1.433771
0.5449927
-0.7276711
0.5879242
-2.980244
-1.460825
-0.5368912
#Neuron
0.440658
-1.804422
-5.435285
-1.316604
-0.4102141
-1.770952
-1.209882
-1.673725
-0.3486509
0.8093581
-1.089722
-1.309643
0.1990188
0.7240052
0.5454545
0.5327463
-1.880386
#Neuron
-0.6332008
-0.6688333
-0.2504247
0.788038
-1.979933
-2.712828
0.09563148
-2.773441
-0.947943
-1.751225
-1.251891
-0.487219
0.8918624
-2.345556
-2.256941
-2.252843
-0.6809857
#Neuron
0.7980124
-1.873626
-0.08865559
-3.794476
-0.7557877
-0.9981998
-0.9032576
0.9933078
-0.7178853
0.1757325
-2.551068
-0.8026876
-1.999125
0.03701723
0.4998336
-0.7778378
-0.6131713
#Neuron
0.2730033
-0.5419474
-0.8752398
-0.8849161
-0.7269077
-0.2332383
-0.2139465
-0.2375304
0.2284459
0.1811055
0.3171079
0.5975683
0.5349984
0.7555196
0.6801431
0.8450954
-5.756716
#Neuron
0.8655843
-1.592329
-1.804675
-0.3428857
-2.207508
-2.402762
-2.179048
-1.081792
-2.440164
-0.1633062
-1.521364
-0.02888751
-1.405113
0.6221521
-0.9678288
-0.6137896
-2.140769
#Neuron
0.2472898
-0.1079869
-2.127634
-0.187986
-2.854319
-0.5991237
0.9350207
0.1061765
-0.749192
-0.4433696
-0.2916344
-0.4864409
-0.05957878
-0.7991307
-0.1836742
-0.5179863
-1.298792
#OutputLayer
#Neuron
0.3474439
-0.1553563
-0.2125098
-0.8398528
0.7263379
-0.2016683
0.2609398
-0.5864642
0.6604667
-0.4342889
0.9710591
0.04613698
-0.5247645
