#HiddenLayer
#Neuron
0.1972246
-0.3996149
0.3198578
0.8612018
0.74666
-0.06832302
-0.7540979
0.6057594
-0.6088886
0.2764613
-0.2452925
0.06432688
-0.1257061
-0.6766591
-0.136274
0.2810137
0.7649953
#Neuron
0.1889626
-0.3425943
0.9597781
-0.29149
0.6793208
0.06600034
0.6064966
-0.5919898
-0.3725487
0.6697652
0.7233057
-0.4340504
-0.3920683
-0.9766629
-0.3607033
-0.2724162
0.4050016
#Neuron
-0.3474721
-0.07544172
0.08395517
0.5817337
-0.8170049
0.534585
0.3898723
-0.01676548
-0.7843583
0.3238203
0.1681701
-0.1834756
0.09800017
0.4552796
-0.472603
0.06881964
-0.4705693
#Neuron
0.746135
-0.7456167
0.7092552
0.4647329
-0.3576678
-0.1522106
-0.2201394
-0.2497488
-0.06967151
0.6139057
-0.2774533
0.4936642
-0.2465512
0.1196486
-0.242262
-0.2152499
-0.4917561
#Neuron
0.8361094
0.4462475
0.5025082
0.06218898
-0.5472736
0.8642311
-0.4898535
0.2688667
0.6286483
-0.8270705
-1.106358
0.3640132
0.4272775
0.5129733
0.3190305
-0.3148681
0.5299654
#Neuron
0.5022393
-0.4613582
0.7571146
0.1267723
-0.9511611
0.6285348
-0.6502833
0.3546052
0.4559002
0.6601171
0.1394166
0.8744075
-0.4345263
-0.6532109
0.6141181
0.1850556
-0.7078955
#Neuron
0.6331557
-0.5688353
0.7914433
0.8084199
-0.1179603
0.8050516
-0.5703387
-0.1857213
-0.1707584
-0.3203865
0.9752898
0.1133236
0.794147
0.5974882
-0.6445212
0.6760015
-0.7895615
#Neuron
0.5230691
-0.1990231
-0.1687838
-0.3293573
0.1976103
0.2653267
-0.9257779
-0.5430803
0.8400662
-0.4959229
-0.06375849
-0.1288279
0.2952676
0.5668259
0.7003648
-0.4690932
-0.9678204
#Neuron
0.6730838
0.1629959
0.1219903
-0.6696501
-0.1647702
0.4594338
0.5295589
0.9949026
0.1948644
-0.4577357
0.5936337
0.1789304
-0.1900009
-0.1705779
0.06007087
0.2387301
-0.1901203
#Neuron
0.3549611
0.1079282
0.7425821
0.6424997
-0.6722167
-0.09419549
0.07016313
0.1204308
-0.8283579
-0.6492236
0.4188811
0.582341
0.627944
0.4323017
-0.6729937
-0.5233243
0.3453998
#Neuron
0.4373122
-0.590487
-0.2075604
-0.5146253
-0.2945036
-0.6410563
0.100932
0.5356784
-0.3819381
0.6197617
-0.6492336
0.4393012
0.9588079
-0.6776533
0.8369944
-0.6034849
-0.2698058
#Neuron
0.8843895
0.07856834
0.5943639
0.3245017
0.2334644
-0.7398152
-0.5728395
0.4948206
-0.6903553
-0.2585484
0.9250441
-0.02634394
-0.1075832
-0.7991307
-0.8540902
0.4979479
-0.5771308
#OutputLayer
#Neuron
0.6233283
-0.6025126
-0.9466308
0.2976613
0.3619442
-0.3992599
-0.1414262
0.5816593
0.3186266
0.5469999
-0.2521843
0.8286703
-0.1063424
