#HiddenLayer
#Neuron
0.2163445
-0.6341951
-0.6347642
-1.745423
-0.5795083
0.4700169
0.1411351
0.8819315
-1.949631
-0.4190459
-0.6973944
-0.008747101
-0.6692202
-1.150164
-1.927967
0.2251869
-0.2714394
#Neuron
0.3393257
-0.3425943
-0.4829274
0.2305745
0.5872819
0.290194
-0.7256544
-0.6129508
0.1500362
-0.5912373
-0.3424199
-1.083637
-0.4756008
-1.32873
-0.3996836
-1.629257
-0.974143
#Neuron
0.6700256
-0.1695007
0.7097037
-0.8992081
0.7146206
-0.1486558
-0.8106544
-0.5020652
-0.7716789
-0.5954185
-0.33292
-0.08867896
-0.1275791
0.9725132
0.7408075
-0.600698
-0.1906575
#Neuron
0.2663222
-2.336021
-0.452026
-0.5246313
-1.089643
-0.08978021
0.2908382
0.174518
-0.05752385
-0.5115724
-0.541064
0.2188224
-0.4607991
-0.3983082
-0.4653872
0.6913285
-0.04728448
#Neuron
0.6322353
-1.444745
-0.885788
-0.2009183
0.4615032
0.5791888
-0.1094695
-0.03638363
-0.6782937
0.5868609
-0.2762734
0.3802294
-2.340344
-0.996788
0.3627386
0.9872169
0.9392157
#Neuron
0.838591
0.03039873
0.05191314
0.9902205
-0.6276793
-0.3803121
0.9151466
-0.6662138
-0.7020934
-0.1074263
0.7981458
-1.838862
-0.7496772
-0.04067862
0.4627278
-1.470544
0.4631087
#Neuron
0.8687941
-0.9765258
-0.1618057
-0.4460793
-0.7225697
-0.4571425
-0.4261512
0.4037518
0.2010869
0.5661175
0.9469841
0.3449936
0.02001774
0.9328885
0.137411
0.6809521
-1.880386
#Neuron
0.7167643
-1.567276
-1.430372
-0.06136668
-1.829032
-0.2712904
0.1300439
-1.963025
0.812237
-0.746079
0.4599194
0.3232712
0.8918624
-0.8671148
0.5377758
-0.4351246
-1.96782
#Neuron
0.9674147
-0.8865099
0.5132186
0.04635918
-0.8527873
0.09718716
-0.4321221
-1.728281
-0.3332636
-0.7429991
-0.4261314
-0.48078
-0.0977062
-0.9874253
-0.289555
-0.5329247
-0.4592122
#Neuron
0.06017089
-0.5419474
-0.77273
-0.8849161
-1.500887
0.06562722
-0.6296093
-0.1466342
0.4193973
0.1811055
0.8385844
0.5975683
0.5445426
0.7555196
0.9965339
-0.3265516
-0.7567155
#Neuron
0.8655843
0.4102442
-0.4751195
0.7815759
0.07012331
0.1780792
0.05577242
0.7145479
-0.773942
-0.3979427
0.6665399
-0.2374462
-0.6252542
-0.8835375
0.4786281
0.2466573
0.7398679
#Neuron
0.4345105
0.07856834
-0.8950739
-1.880605
-0.1218253
-0.7398152
-0.9954967
-0.3199357
-0.6972184
-0.8413332
0.602278
-1.026344
0.9420111
0.3401446
-0.0002442598
0.9944327
-0.4758842
#OutputLayer
#Neuron
0.3474439
0.6628175
0.01205528
-0.3832453
0.5245149
0.1486999
-0.4593734
0.9824841
0.4285564
-0.2455465
0.3030235
0.04613698
0.06141722
