#HiddenLayer
#Neuron
0.4467003
-1.492116
-0.2869996
-0.1545902
0.7046046
-0.5923369
0.5137038
-0.8572519
-0.6025314
0.6080186
-0.1389021
-1.958042
0.8318741
-0.3297588
-0.6325252
0.9345474
-0.2123274
#Neuron
0.5580689
-0.7416117
0.8592527
0.7057774
0.4314303
0.3264501
-0.7256544
-0.4236151
0.4546466
0.6909325
-0.7613561
-0.9309371
-0.243632
-0.7430255
0.3401935
0.6636667
-0.3838755
#Neuron
0.3909723
-0.2411231
-0.04432261
0.5783439
0.5018525
0.6456637
-0.05520821
0.05295122
0.7124722
-0.2020885
-0.886843
0.3373873
0.1944031
-0.917819
0.3086955
0.5540097
0.4451186
#Neuron
0.8745221
0.2545299
0.2757182
-0.5246313
-0.7859173
-0.1522106
-0.8219955
-0.7665908
0.1955186
0.1360575
0.06074488
-0.4467019
-0.09932411
-1.537617
-0.2361981
0.08440077
-0.7009788
#Neuron
0.1500818
-0.03861654
0.1326841
-0.3677398
-0.6024213
0.2650013
-0.4216892
0.8298919
0.1009356
0.8830047
0.4472379
-0.1233042
0.7336736
0.6332176
0.9110513
0.8563831
0.5619335
#Neuron
0.1178374
0.4119281
0.05191314
0.1003243
0.5196779
0.5825453
-0.3479048
-0.4093324
-0.4567398
0.5991566
0.1779183
-0.7616251
0.05318034
-0.5913336
-0.7949979
-0.2622112
0.4359548
#Neuron
0.02441132
-0.8044224
-0.09007227
0.6617529
-0.8820539
0.3048649
-0.6892354
-0.8614504
-0.7218256
-0.5099354
0.6812484
-0.2099782
0.5895395
-0.2156342
0.05790985
0.6581445
-0.4632064
#Neuron
0.6022041
-0.6978304
-0.07426155
0.580224
-0.1193932
-0.2712904
-0.8325751
-0.9776499
0.5370643
-0.1662127
0.9691765
-0.3101563
0.8799245
0.6562037
0.2133051
0.1157502
-0.9678204
#Neuron
0.7980124
0.4670675
0.4921727
-0.9678357
0.3245589
0.1154169
0.2340895
0.6825669
-0.7178853
-0.7438786
0.3165171
-0.2954565
0.1280092
0.1408824
-0.2757279
-0.4620837
-0.4890865
#Neuron
0.06017089
0.5542076
0.5476496
-0.04240191
-0.7996445
-0.3948904
-0.6296093
0.8712718
-0.4159118
0.9080913
0.9466586
0.7694778
0.5445426
0.7586508
0.5336578
0.8450954
-0.4899894
#Neuron
0.3934001
-0.8734946
0.1805056
0.6571143
-0.4386433
-0.3214108
-0.9307282
0.1348926
-0.2913796
-0.3655504
0.6804688
-0.1218647
0.2301356
0.3163635
-0.795521
0.7400916
-0.6712103
#Neuron
0.998417
0.07856834
-1.04511
-1.50227
-0.820087
-0.03302109
0.9350207
-0.849169
-0.5442019
-0.8413332
0.3351297
-0.6475449
-0.1907068
-0.2771794
-0.1376055
0.1748358
-0.2987915
#OutputLayer
#Neuron
0.1947051
0.9090865
0.06659734
-0.8258257
-0.9141481
0.1486999
0.2609398
0.2753086
0.9507027
0.9888117
0.3030235
-0.2481588
-0.004653335
