#HiddenLayer
#Neuron
0.9008418
-0.9264152
-0.685555
-1.40654
0.3098287
-0.05102575
0.0507549
0.6961615
0.6141789
-0.9297407
0.3445978
-0.4682361
#Neuron
0.4924169
-0.01275432
-0.5903444
-0.3600198
0.107232
0.3140816
0.2113646
0.01418102
-0.3769437
0.5256803
0.7256706
-0.9283061
#Neuron
0.3869713
-0.9419127
-0.7718246
0.1053416
0.1931862
-0.2608191
0.4031877
0.08233774
0.5893869
0.9957862
0.6464078
-0.9391799
#Neuron
0.1551731
-1.694443
-0.6935194
-1.539863
-0.289462
-0.3140291
-0.2396878
0.3449838
-0.9585096
0.2954769
0.06936157
0.1022066
#Neuron
0.8957627
-0.1305414
0.691808
0.3843383
-0.007775187
-0.8339837
0.03991878
-0.5908122
-0.5383947
0.8668575
0.05182302
-0.06543791
#Neuron
0.6937085
0.8564084
-1.294638
0.7763011
0.6610947
-0.02946723
-0.2627639
0.9922361
0.3950541
0.2835738
-0.9703093
0.0460974
#Neuron
0.8468043
-0.1921455
-0.6255305
0.884455
-0.2925304
0.01379097
0.4767518
-1.692706
0.922528
-0.3362395
-0.04850495
0.8024004
#Neuron
0.4656224
-0.5426829
0.482711
-0.7044976
-0.5344663
-0.03623736
-0.04277551
0.4481141
-0.3647859
0.1133715
0.8788819
0.5676382
#OutputLayer
#Neuron
0.2739177
-0.2878298
0.8811324
0.9236867
0.8519821
0.313967
-0.5032496
-0.02024686
0.3257045
