#HiddenLayer
#Neuron
-0.5980161
-1.272705
-0.9894527
-0.9634683
-0.5414815
-1.727509
-0.8588649
-0.6431069
-0.6025314
-0.2621676
-0.390462
-0.2881805
-1.103418
-0.8882859
-1.927967
-0.8951759
0.272644
#Neuron
0.3913752
-0.7874408
-0.9282515
-1.398271
-2.56857
0.9766552
-1.545662
-0.8153013
-0.2949558
0.871542
-0.06396258
-0.09768784
-1.332111
-0.9763529
-2.360703
-0.7912978
-0.7927258
#Neuron
-0.4327233
-0.3822042
0.7097037
-0.6029468
-0.2729397
0.3600201
-0.6147501
-0.4974548
-1.171876
-1.412486
-0.5757763
0.8021386
-1.816855
-2.178827
-0.7886693
-0.600698
-2.111644
#Neuron
-0.06025541
-0.1303457
-0.8181579
-1.306713
-0.6861641
-1.035929
-0.563606
-0.6794786
-1.893336
-2.731901
-0.4328877
-0.9967618
-1.405186
0.9899006
-0.4653872
-0.04867089
-1.153114
#Neuron
-1.165931
-0.3547994
-1.479416
-3.80136
-0.6024213
-0.8455254
-1.05138
-0.03638363
-1.678294
-1.619618
-0.03916299
-1.168657
0.6302083
-0.996788
-0.6372614
0.8031199
-2.060784
#Neuron
-0.7632565
-0.4567463
-1.824082
0.5316033
-0.5213547
-0.3363441
-0.1094278
-0.4093324
0.2775407
0.3648851
-0.4337705
-0.6955845
-0.7496772
-0.8923495
-0.7949979
-0.2622112
0.4631087
#Neuron
0.440658
-1.804422
-1.435285
-2.316605
-2.675517
-0.9550726
-0.1701466
-0.1322809
-1.617252
0.8093581
0.01043355
-0.5151255
0.1990188
-0.5048654
0.5454545
0.601006
-1.823349
#Neuron
0.4250465
-1.668833
-2.430372
-0.5183554
-0.6727598
-1.27129
-0.9742755
-1.773441
0.3574331
-1.360476
-0.1817802
0.3232712
-0.1081376
0.6954424
-1.256941
-1.88425
-0.6809857
#Neuron
0.7980124
-0.8736262
-0.08865559
-0.849838
0.7501218
-2.948204
-2.903258
-2.728281
-1.992361
0.1757325
0.4558003
-0.8026876
-0.8481157
-1.987425
-0.5001664
-0.7778378
-0.6131713
#Neuron
0.2730033
-0.5419474
-0.8752398
-0.8849161
-0.7269077
-0.2332383
-0.2139465
-0.2375304
0.2284459
0.1811055
0.3171079
0.5975683
0.5349984
0.7555196
0.6801431
0.8450954
-5.756716
#Neuron
0.8655843
-0.1990958
-1.20756
0.6270244
-0.2945036
-0.3214108
0.2641954
0.7145479
-2.440164
0.8366938
-0.3025686
-1.237446
0.2439457
0.6221521
0.1028103
-0.2599084
0.7777152
#Neuron
0.2472898
-0.1079869
0.05140054
-1.187986
-2.854319
-1.739815
-0.5626521
0.1061765
-0.749192
-1.841333
-0.2916344
-0.4864409
-0.3671794
-0.7991307
-0.1836742
-0.5179863
0.7530186
#OutputLayer
#Neuron
0.4832663
-0.1553563
-0.2125098
-0.3832453
-1.056379
-0.2016683
-0.4593734
-0.02832079
-1.339533
-0.4342889
0.9392378
-0.1013561
0.06141722
