#HiddenLayer
#Neuron
-0.4378811
-2.272705
-1.403426
-0.9634683
-1.541481
-0.7275085
0.04267824
-0.6431069
-1.722724
-1.318617
-0.390462
-0.2881805
-1.103418
0.05790341
0.2304891
-1.895176
-0.2714394
#Neuron
-0.4240031
0.04891074
-0.3650283
-0.4389707
-0.9330318
-1.102618
-1.508897
-0.8153013
-0.5999036
-0.5912373
-0.8792061
-0.09768784
-2.332111
0.687798
-0.5322859
-0.7297077
-0.7927258
#Neuron
-0.4327233
0.6269894
-0.8643044
-0.2566916
-0.7195046
-0.9307359
-0.8106544
-0.4974548
-1.887184
-0.4124864
-0.5757763
-0.8293159
-0.8168547
-2.178827
0.7408075
-1.963001
-2.111644
#Neuron
0.9397446
-1.872445
-0.8181579
-1.306713
-0.8617221
-0.3310682
-0.563606
-0.6794786
0.5106585
-2.731901
-0.004710793
-0.9967618
-2.099324
0.3307447
-2.705823
-0.3086715
-0.5454302
#Neuron
-0.8484614
0.1228136
-1.479416
0.7668538
-0.6024213
0.7731574
-0.05137992
0.1360935
-0.2290422
-0.4272364
-0.03916299
-0.8571665
0.6302083
-0.9687805
-0.6372614
-0.1968801
-0.06078434
#Neuron
0.2367435
-0.01903617
-0.9480869
0.5316033
-0.5213547
-1.921979
-0.1094278
0.09871876
-0.7224593
-1.835732
-0.5346618
-0.1586431
-1.749677
-0.4120758
0.426651
-0.2622112
-1.217585
#Neuron
0.440658
-1.804422
-1.435285
-1.316604
-0.990478
-0.6842697
-0.4261512
-1.673725
-0.3486509
0.8093581
0.04440129
-1.309643
-0.2023424
0.7240052
0.5454545
0.5327463
-0.8233495
#Neuron
0.7771412
-0.6688333
-0.4938507
-0.5183554
-1.67276
-1.27129
-0.9742755
-1.773441
0.3574331
0.6785824
-0.251891
0.3232712
0.8799245
-2.261917
-1.256941
-2.252843
0.2503149
#Neuron
-0.2019876
-0.5329325
-0.08865559
-2.794476
-0.8527873
-0.5882018
-0.4067106
0.5823786
-0.9923611
0.5858397
-0.4261314
-0.8026876
-0.0977062
-0.5181911
-0.5001664
-0.7778378
-1.179592
#Neuron
0.2730033
-0.5419474
-0.7476563
-0.8849161
-0.7269077
-0.2332383
-0.2139465
-0.2375304
0.3348024
0.1811055
0.3171079
0.5975683
0.5349984
0.7555196
0.6801431
0.8450954
-5.756716
#Neuron
0.835126
-2.592329
-1.804675
0.6270244
-1.294504
-0.3214108
0.05577242
-0.676702
-1.440164
0.6197617
-0.7780359
-1.603866
-0.7560543
-1.883538
0.1028103
-0.2599084
0.7398679
#Neuron
0.2472898
-0.1079869
-1.948599
-0.187986
-0.1218253
0.1469344
0.9350207
-5.156539
-0.749192
-1.841333
-0.2916344
-0.4864409
-0.05957878
-0.7991307
-0.1836742
-1.929478
0.5241158
#OutputLayer
#Neuron
0.3474439
-1.155356
-0.2125098
-0.3832453
0.7263379
-0.2016683
0.2609398
0.4135358
0.4568777
-0.2455465
0.9710591
-0.1013561
-0.9385828
