#HiddenLayer
#Neuron
-0.5980161
-2.272705
-0.9894527
-0.9634683
-1.541481
0.9251828
-1.858865
-1.121302
-1.8598
-0.2621676
-0.390462
-1.28818
-0.1034185
0.05790341
-0.1011122
0.2251869
-0.2123274
#Neuron
0.3913752
-0.1084865
-0.3650283
-0.1618301
0.7122083
-0.1026176
-0.5456622
-0.8153013
-0.2949558
-0.5912373
-0.5439591
-0.09768784
-1.332111
0.1450354
0.3401935
-0.7912978
-0.7927258
#Neuron
-0.4327233
-1.344733
0.7097037
-1.602947
-1.537029
-0.9307359
-0.8106544
0.5243895
-1.887184
-0.4124864
-0.5217183
-1.829316
0.06221688
-0.5447204
-0.7886693
-1.963001
-0.1116439
#Neuron
0.9397446
-1.872445
-0.7542133
-0.5374315
0.1382779
-0.08978021
-0.563606
-0.6794786
-1.893336
-2.731901
-0.004710793
-0.9967618
-0.6178873
-0.3125296
-0.2361981
-1.156347
-0.5454302
#Neuron
0.1515386
-0.3547994
-0.5673585
-3.80136
-1.214185
0.7731574
-1.100328
0.1360935
-0.5505724
-0.4272364
-1.039163
-0.8571665
-0.3697917
-0.8879335
-0.9406685
0.8031199
0.7283113
#Neuron
0.1139157
0.5788219
-1.824082
0.5028965
-0.5213547
-0.3363441
-0.1094278
0.09882271
-0.1600283
-1.835732
-0.4337705
-0.6955845
-0.7276711
0.5879242
-0.7949979
-1.460825
-0.5368912
#Neuron
0.8825848
-0.8234527
-0.1782495
-1.316604
-0.990478
-0.9550726
-1.170147
-0.1322809
0.6513491
-0.441985
0.04440129
-1.309643
-0.9799823
0.4951346
0.5454545
0.601006
-1.823349
#Neuron
-0.6332008
-1.668833
-2.430372
0.788038
-1.67276
-2.712828
0.09563148
-0.5537834
0.7848256
0.6785824
-0.251891
-0.1164244
0.8799245
0.6494911
-0.2820801
-1.88425
-0.6809857
#Neuron
0.6946019
-0.8736262
-2.90239
-0.849838
-0.7557877
0.4117982
-0.9032576
-0.4176214
-0.9923611
0.1757325
0.4558003
-0.8026876
-0.0977062
0.03701723
0.477659
-1.777838
-1.179592
#Neuron
0.2730033
-0.7844343
-0.7476563
-0.8849161
-0.7269077
-0.09419549
-0.2139465
-0.2375304
0.2284459
0.1811055
0.3171079
0.5975683
0.5349984
0.7555196
0.6801431
0.8617136
-5.756716
#Neuron
0.4325779
-1.592329
-2.804675
0.6270244
-2.207508
-2.402762
0.2641954
0.7145479
-0.773942
-0.1633062
-0.3025686
-1.603866
-0.3296288
-0.8835375
-0.8971897
-1.259908
-0.2222848
#Neuron
-0.3399304
-0.1079869
-0.9485995
-1.187986
-2.854319
-0.8530656
-0.06497931
0.1061765
-0.749192
-2.841333
-0.2916344
-1.026344
-0.05957878
-1.799131
-0.1836742
-0.5179863
0.7530186
#OutputLayer
#Neuron
0.3474439
-0.1553563
-0.2125098
-1.383245
-0.2736621
-0.2016683
-0.7390602
0.9824841
-0.2458558
-0.9342829
0.9710591
-0.4864193
-1.524765
