#HiddenLayer
#Neuron
0.2272066
0.8297172
0.4499817
0.9834926
-0.2090068
0.6265328
0.04267824
-0.343006
-0.06906998
0.6813834
-0.7435169
-0.2881805
-1.66922
-0.08396471
-1.927967
-0.8951759
-1.212327
#Neuron
0.1889626
0.0255543
-0.4829274
0.4495952
0.4314303
-0.1992595
-0.7256544
-0.8153013
-0.5999036
-1.644591
-0.06396258
-0.348622
-0.3321115
-0.9763529
0.3401935
0.1498724
-0.7927258
#Neuron
0.5672767
0.8224895
0.7097037
-2.899208
-0.2729397
0.06926405
-0.6147501
-0.2314938
0.8239667
-1.412486
-1.575776
-2.541571
-0.8168547
0.001466155
-0.6200533
0.6542556
-0.3473228
#Neuron
0.2392216
-2.336021
-0.7542133
-0.5374315
0.1382779
-1.08978
0.2213367
-1.808834
-0.6183524
0.1832229
-1.04299
-0.9967618
0.3286335
0.3307447
-1.705823
-1.156347
-0.9969769
#Neuron
0.9122123
0.1805001
-0.4794158
-2.80136
-1.214185
0.1544746
-0.1003276
0.1360935
-1.678294
0.5868609
-0.629642
-0.8571665
-0.7004547
-0.8879335
0.7088273
0.8031199
-1.958274
#Neuron
0.7718492
0.5432537
-0.7656651
-0.0445751
-0.2930957
-0.3363441
-0.1094278
0.2793626
-0.4567398
-0.8357315
-0.5346618
0.5449927
-0.7276711
0.5879242
-0.9802444
-1.470544
0.4631087
#Neuron
0.440658
-0.8234527
-1.435285
-1.301831
-0.280311
-0.7709515
-0.8195637
-0.6331155
-0.6212134
0.5661175
0.3387
0.878742
0.9657958
0.7240052
0.9205441
0.5327463
-0.8233495
#Neuron
0.7771412
-0.5672765
0.06632006
-0.5142241
-0.492627
-0.7128279
-0.4588902
-0.5537834
0.8461571
-0.8961279
-0.1304494
-0.487219
-0.1081376
0.6954424
-0.2820801
-1.719946
-0.6809857
#Neuron
0.9674147
-0.8736262
-0.9023902
-0.9536408
-1.852787
0.09718716
-0.4067106
-2.728281
-0.04324377
-0.7429991
0.4558003
-0.8026876
0.7010405
-0.9874253
0.477659
-0.4770137
-0.09491408
#Neuron
0.2234094
-0.7844343
-0.9503008
-0.8849161
-0.7269077
-0.2332383
-0.6296093
-0.2375304
0.4193973
0.1811055
0.3171079
0.5975683
0.6862333
0.8468201
0.9965339
0.8617136
-2.926903
#Neuron
-2.013862
-0.8734946
-0.8046753
-0.3428857
-0.9457532
-0.0843209
0.2641954
-0.08179224
-0.773942
-0.43229
0.8689969
-0.3145648
0.2439457
0.3533768
0.1028103
-0.6034849
-0.1407686
#Neuron
0.3604907
-0.05303311
-2.127634
0.04441464
-0.1218253
0.1469344
-0.5827601
-1.389969
-0.749192
-0.949397
-0.2916344
-0.9298867
0.6328206
-0.7991307
-0.1836742
-2.731622
-1.298792
#OutputLayer
#Neuron
0.3474439
-0.2037357
-0.3305935
-0.3832453
-0.3715085
-0.1352378
-0.4593734
0.9716792
0.7732387
-0.3367068
0.9392378
0.04613698
-0.4343175
