#HiddenLayer
#Neuron
0.2272066
-0.8335862
0.01054728
0.9834926
0.8157611
0.436485
-0.4395156
-0.1180685
-0.8598001
-0.2609054
-0.7435169
-0.2881805
0.3164808
-0.9420966
-2.792265
0.2251869
-0.2123274
#Neuron
0.1889626
0.964915
-0.4829274
-0.4389707
0.7122083
0.9766552
-0.7256544
-0.8153013
-0.2949558
-0.05672252
0.7896378
-0.09768784
-0.2596972
-0.8502982
-1.360703
-0.7297077
-0.7927258
#Neuron
-0.4327233
0.6269894
-0.1639642
0.1236006
-0.5370288
0.6456637
-0.8106544
-2.502065
-1.887184
-0.4124864
0.1409844
-2.541571
-0.1275791
-0.06756938
-0.7364399
0.6542556
-0.5534971
#Neuron
0.7439417
-3.336021
-0.7542133
-1.306713
-1.089643
-0.7518939
-1.563606
-1.808834
-1.112008
-0.7112331
-0.541064
-0.3337431
-0.6178873
-0.01009941
-0.4653872
-0.5544655
0.4545698
#Neuron
-0.1659311
0.1228136
-0.5673585
0.7668538
-0.6024213
0.7731574
-1.100328
-0.03638363
-0.267921
0.5868609
-1.629642
-1.857167
-0.7004547
-0.996788
-0.1187929
-0.4780507
0.7283113
#Neuron
-0.3424244
0.5788219
-1.824082
-0.0445751
-1.627679
-0.921979
-1.302755
0.09871876
-0.4567398
-1.835732
0.2904498
0.2875828
-0.7496772
0.5879242
0.426651
-1.262211
-0.2674893
#Neuron
0.8825848
-1.76972
-2.435285
-1.316604
-0.4102141
-0.3895036
-0.4261512
-0.6737249
0.2010869
0.03965819
0.04440129
0.3449936
0.02001774
0.7240052
0.137411
-0.4010711
-1.463206
#Neuron
0.8101026
-2.668833
0.05609071
-0.3467308
-0.6727598
-0.7128279
-0.9622846
-0.7734408
-1.39801
-1.751225
-0.1423529
-0.487219
0.8918624
-1.261917
-0.2820801
-1.88425
-0.6809857
#Neuron
0.7914667
-0.8736262
-0.9991283
0.9939566
-0.8527873
0.001800179
-0.6973038
0.9933078
-0.7178853
0.1757325
-0.5441997
-0.8026876
-0.2989595
-1.987425
-0.289555
0.8251429
-0.6926961
#Neuron
0.06017089
-0.7844343
-0.8669457
-0.8849161
-0.4979414
-0.09419549
-0.2139465
-0.2375304
0.2284459
0.275608
0.3171079
0.3803732
0.5349984
0.7555196
0.9965339
0.8617136
-3.756716
#Neuron
0.4325779
-0.8734946
0.3914549
-0.9145827
-1.945753
-2.402762
-2.179048
0.7145479
-0.2913796
0.6197617
-0.7780359
-1.603866
0.6329603
-0.785686
0.1028103
0.7400916
0.961483
#Neuron
-0.5113208
-0.1271397
-2.111693
-0.8806047
-0.9171348
0.1469344
-0.5827601
0.4471359
0.3844781
-0.949397
-0.5694132
-0.6388502
0.03377068
-1.277179
-0.1836742
0.8647811
0.0592283
#OutputLayer
#Neuron
0.3474439
-0.04286528
-0.2125098
-0.8398528
0.4237973
0.08050048
0.2609398
-0.02832079
0.9317143
-0.4342889
0.9710591
-0.6156371
0.06141722
