#HiddenLayer
#Neuron
-0.4378811
-2.272705
-0.5500183
-0.9634683
0.8157611
0.9251828
0.5604844
-1.121302
0.5855865
-0.3186166
-0.390462
-1.047359
-1.66922
0.05790341
-0.1011122
-0.8951759
-0.2714394
#Neuron
0.3913752
-0.1084865
-0.3650283
-1.398271
-0.5685697
0.9766552
-0.7256544
0.08678567
-0.5999036
-0.5912373
-0.8792061
-1.083637
-2.332111
0.1450354
-0.5322859
-0.7912978
-0.7927258
#Neuron
-0.4327233
-0.2344503
0.1356956
-1.602947
-0.5370288
-0.9307359
-0.6147501
-2.980169
-1.176033
0.006580472
-0.9555148
0.8021386
-0.8168547
0.4552796
-0.6200533
-0.600698
-1.607854
#Neuron
0.9397446
-0.1303457
-1.818158
-1.306713
-1.089643
-0.3310682
0.2213367
-0.3740655
-0.8442221
-0.09198415
-0.004710793
-0.9967618
-1.099324
0.3307447
-2.705823
-2.135188
-0.7896338
#Neuron
-0.1659311
-0.8194999
-0.02805877
-1.200918
-0.6024213
-0.8455254
-0.4898535
-1.036384
-0.2290422
-0.4272364
-0.629642
-0.8571665
-0.3697917
-0.996788
-0.6372614
0.9872169
-0.06078434
#Neuron
0.2367435
0.5788219
-0.7656651
0.5028965
0.01819837
-1.921979
-1.302755
-0.9011773
-0.7020934
-2.835732
-0.5346618
-0.6955845
-1.749677
-1.188316
-0.7949979
0.3178138
-1.217585
#Neuron
0.440658
-0.3486327
-0.435285
-1.316604
-1.72257
-0.6842697
-1.170147
-0.1322809
-0.5077512
-0.9603418
0.4331507
-1.309643
-0.2023424
0.9328885
0.4167399
0.601006
-1.823349
#Neuron
-0.6332008
-1.668833
-2.430372
-0.5183554
-0.6727598
-1.27129
-0.4588902
-2.553783
-0.3980097
-0.8961279
-0.1817802
-0.487219
-0.1081376
-0.3505089
-1.256941
-0.2528427
-1.96782
#Neuron
0.6946019
-0.5329325
-0.9991283
0.04635918
0.7501218
0.4117982
-0.4067106
0.5823786
-0.7178853
0.5858397
-0.9485672
-1.802688
-0.0977062
-1.902582
0.4998336
-0.7778378
-0.6131713
#Neuron
0.3871686
-0.744065
-0.7476563
-0.8849161
-0.7269077
-0.2332383
-0.2139465
-0.2375304
0.4193973
0.1811055
0.3171079
0.5975683
0.5445426
0.7555196
0.6801431
0.8450954
-4.756716
#Neuron
-0.5674221
-1.592329
-1.20756
0.6270244
-3.207508
-2.402762
0.05577242
0.7145479
-1.496438
0.8366938
-0.7780359
-1.603866
0.2439457
-0.785686
-0.9678288
-0.2599084
-0.2222848
#Neuron
0.2472898
-0.1079869
-0.9485995
-0.5022697
-0.1218253
-1.80314
-0.5827601
-3.156539
-1.749192
-1.841333
-2.408549
-0.6388502
0.03377068
-2.799131
-0.2267519
-1.486395
-1.298792
#OutputLayer
#Neuron
0.3474439
-0.04286528
-0.2125098
-1.383245
-0.3715085
-2.201668
-0.4593734
-0.02832079
0.7732387
-0.2455465
0.9710591
0.04613698
-0.5247645
