#HiddenLayer
#Neuron
0.9711215
0.07680047
-0.6928189
-0.3167831
0.08217204
0.7914078
-0.7228711
0.5840268
-0.02162468
0.3611479
-0.1718973
-0.1281291
#Neuron
0.8619032
0.09401119
0.1977812
-0.3600198
0.9950917
-0.02757657
0.2540381
0.06726015
0.1651729
0.1358498
0.4329159
-0.6753061
#Neuron
0.9406515
-0.846137
-0.3784114
-0.3473455
0.05436361
0.6969137
-0.8301015
-1.485686
-0.01396954
0.2236241
-0.7630608
-0.7246835
#Neuron
0.05932915
0.3374018
-0.6045151
0.5673711
0.5610135
-0.1823889
0.07962811
0.3449838
-0.8781898
0.6472735
0.3186881
-0.1492077
#Neuron
0.07416427
-0.8926928
0.9401617
-0.9782665
0.7203906
0.2557344
-0.5904987
-0.0255264
-0.5383947
-1.647759
0.05182302
0.01680028
#Neuron
0.612809
0.3810749
0.3625099
0.7622571
0.6032896
0.773896
-0.3156532
-0.76807
-0.4132
0.8002491
0.9009643
-0.9234462
#Neuron
0.9480065
0.03405035
-0.4686908
-0.2459122
0.0234381
0.1632992
-0.005147576
0.8198195
0.9702549
0.9866104
0.4978745
-0.97978
#Neuron
0.9608191
-0.413565
-0.4802612
-0.3512338
0.5121636
-1.583713
0.07270563
-0.9232194
-0.01941788
-0.6635766
0.6865621
0.0901593
#OutputLayer
#Neuron
0.1587644
0.8289785
-0.4627854
-0.1140925
-0.08013761
-0.7327995
0.1985337
0.8949876
0.1572267
